a;b;sum;difference;product;quotient;xor
0;0;0;0;0;;0
0;1;1;-1;0;0.0;1
1;0;1;1;0;inf;1
0;-1;-1;1;0;0.0;-1
-1;0;-1;-1;0;-inf;-1
1;1;2;0;1;1.0;0
-1;-1;-2;0;1;1.0;0
-4906;1079;-3827;-5985;-5293574;-5.0;-5919
-6481;-3976;-10457;-2505;25768456;1.0;5847
1839;3281;5120;-1442;6033759;0.0;3070
-525;-8127;-8652;7602;4266675;0.0;7602
-6777;8347;1570;-15124;-56567619;-1.0;-15076
-7308;-3843;-11151;-3465;28084644;1.0;5001
-4976;-8147;-13123;3171;40539472;0.0;3261
42;-3695;-3653;3737;-155190;-1.0;-3653
-8957;3524;-5433;-12481;-31564468;-3.0;-12089
-2440;-9994;-12434;7554;24385360;0.0;11918
-3346;-4009;-7355;663;13414114;0.0;697
5670;-5159;511;10829;-29251530;-2.0;-513
5466;8155;13621;-2689;44575230;0.0;2689
1434;6716;8150;-5282;9630744;0.0;8102
-734;9914;9180;-10648;-7276876;-1.0;-9320
2986;1756;4742;1230;5243416;1.0;3446
-1354;-2547;-3901;1193;3448638;0.0;3259
-8671;-7851;-16522;-820;68076021;1.0;16244
-4766;1199;-3567;-5965;-5714434;-4.0;-5683
-7919;-6850;-14769;-1069;54245150;1.0;1071
5160;-4317;843;9477;-22275720;-2.0;-1269
4901;-7440;-2539;12341;-36463440;-1.0;-3627
-2129;-5680;-7809;3551;12092720;0.0;7807
8687;-4323;4364;13010;-37553901;-3.0;-12558
-3576;8015;4439;-11591;-28661640;-1.0;-4793
-8626;-1184;-9810;-7442;10213184;7.0;9518
9375;-2505;6870;11880;-23484375;-4.0;-11608
4123;1309;5432;2814;5397007;3.0;5382
-2330;8082;5752;-10412;-18831060;-1.0;-5772
-2287;8411;6124;-10698;-19235957;-1.0;-10294
449;-2139;-1690;2588;-960411;-1.0;-2460
4933;-4151;782;9084;-20476883;-2.0;-884
-7193;1184;-6009;-8377;-8516512;-7.0;-6329
6476;9572;16048;-3096;61988272;0.0;15400
-5631;3234;-2397;-8865;-18210654;-2.0;-6493
7708;9918;17626;-2210;76447944;0.0;14498
-9180;-5777;-14957;-3403;53032860;1.0;13643
-3356;8721;5365;-12077;-29267676;-1.0;-12043
-3667;3820;153;-7487;-14007940;-1.0;-191
-182;-9739;-9921;9557;1772498;0.0;9919
1342;7155;8497;-5813;9602010;0.0;7885
7952;-5773;2179;13725;-45906896;-2.0;-2461
-8862;-6076;-14938;-2786;53845512;1.0;13606
4072;-1906;2166;5978;-7761232;-3.0;-2202
6555;-916;5639;7471;-6004380;-8.0;-6665
9570;4765;14335;4805;45601050;2.0;14335
3847;-7901;-4054;11748;-30395147;-1.0;-4572
7161;9842;17003;-2681;70478562;0.0;15755
-2412;7981;5569;-10393;-19250172;-1.0;-5703
-4084;-5906;-9990;1822;24120104;0.0;6370
-2922;8541;5619;-11463;-24956802;-1.0;-10805
-6684;7878;1194;-14562;-52656552;-1.0;-1246
-6901;-589;-7490;-6312;4064689;11.0;6328
-8861;-3841;-12702;-5020;34035101;2.0;11676
7874;9326;17200;-1452;73432924;0.0;15020
1437;-3968;-2531;5405;-5702016;-1.0;-2787
8225;-9532;-1307;17757;-78400700;-1.0;-1307
-4355;494;-3861;-4849;-2151370;-9.0;-4333
2246;-5933;-3687;8179;-13325518;-1.0;-8171
8298;3512;11810;4786;29142576;2.0;11730
-2188;7536;5348;-9724;-16488768;-1.0;-5628
2340;6905;9245;-4565;16157700;0.0;5085
-4934;-7250;-12184;2316;35771500;0.0;3860
-8820;-2128;-10948;-6692;18768960;4.0;10812
-2849;-2131;-4980;-718;6071219;1.0;882
-4416;-4743;-9159;327;20945088;0.0;953
8365;-3548;4817;11913;-29679020;-3.0;-11639
-5782;5717;-65;-11499;-33055694;-2.0;-193
7206;4546;11752;2660;32758476;1.0;3556
-6401;-5785;-12186;-616;37029785;1.0;3992
-3600;-2651;-6251;-949;9543600;1.0;1109
-3029;-5081;-8110;2052;15390349;0.0;6156
224;-4127;-3903;4351;-924448;-1.0;-4351
7006;-9299;-2293;16305;-65148794;-1.0;-16141
9468;83;9551;9385;785844;114.0;9391
-1373;-5330;-6703;3957;7318090;0.0;4493
7847;9266;17113;-1419;72710302;0.0;14997
-7927;-519;-8446;-7408;4114113;15.0;7408
907;-8902;-7995;9809;-8074114;-1.0;-8527
4820;8446;13266;-3626;40709720;0.0;12842
4238;-5740;-1502;9978;-24326120;-1.0;-1766
-2964;-9592;-12556;6628;28430688;0.0;12004
270;-4500;-4230;4770;-1215000;-1.0;-4254
-4616;-7575;-12191;2959;34966200;0.0;3985
701;827;1528;-126;579727;0.0;390
-2757;-7780;-10537;5023;21449460;0.0;5287
5303;-6528;-1225;11831;-34617984;-1.0;-3529
5747;9769;15516;-4022;56142443;0.0;12378
1654;349;2003;1305;577246;4.0;1835
-3704;-5531;-9235;1827;20486824;0.0;7149
3827;7844;11671;-4017;30018988;0.0;4183
9340;3981;13321;5359;37182540;2.0;11249
6140;-7577;-1437;13717;-46522780;-1.0;-2661
4221;6001;10222;-1780;25330221;0.0;1804
9295;-3379;5916;12674;-31407805;-3.0;-10622
8079;-1715;6364;9794;-13855485;-5.0;-6462
-3721;1717;-2004;-5438;-6388957;-3.0;-2110
-5015;-7189;-12204;2174;36052835;0.0;3970
1811;3613;5424;-1802;6543143;0.0;2318
76;-1381;-1305;1457;-104956;-1.0;-1321
-8772;5554;-3218;-14326;-48719688;-2.0;-14322
237;-2745;-2508;2982;-650565;-1.0;-2646
-1852;-3135;-4987;1283;5806020;0.0;2821
-5581;-8341;-13922;2760;46551121;0.0;13656
7915;-3682;4233;11597;-29143030;-3.0;-4235
7578;7350;14928;228;55698300;1.0;300
-5577;2688;-2889;-8265;-14990976;-3.0;-8009
-4474;2280;-2194;-6754;-10200720;-2.0;-6546
-6421;3149;-3272;-9570;-20219729;-3.0;-5466
-924;-1057;-1981;133;976668;0.0;1979
-615;-660;-1275;45;405900;0.0;245
-4826;9391;4565;-14217;-45320966;-1.0;-13943
934;-6330;-5396;7264;-5912220;-1.0;-6944
-4894;2606;-2288;-7500;-12753764;-2.0;-6452
9367;5193;14560;4174;48642831;1.0;12510
2370;-2560;-190;4930;-6067200;-1.0;-190
5345;4903;10248;442;26206535;1.0;1990
-6024;1166;-4858;-7190;-7023984;-6.0;-4874
-7532;9642;2110;-17174;-72623544;-1.0;-14530
-1411;3428;2017;-4839;-4836908;-1.0;-2279
-9896;-5565;-15461;-4331;55071240;1.0;13083
-5316;8475;3159;-13791;-45053100;-1.0;-13785
5905;-9347;-3442;15252;-55194035;-1.0;-13204
8770;614;9384;8156;5384780;14.0;8228
9300;2266;11566;7034;21073800;4.0;11406
6520;-5363;1157;11883;-34966760;-2.0;-3467
-3731;6827;3096;-10558;-25471537;-1.0;-5178
8427;-6265;2162;14692;-52795155;-2.0;-14484
-3570;7052;3482;-10622;-25175640;-1.0;-5758
-5937;-8180;-14117;2243;48564660;0.0;2243
9614;-288;9326;9902;-2768832;-34.0;-9362
948;6160;7108;-5212;5839680;0.0;7076
-2203;4878;2675;-7081;-10746234;-1.0;-7061
8532;-2284;6248;10816;-19487088;-4.0;-10688
2391;4910;7301;-2519;11739810;0.0;6777
1621;9939;11560;-8318;16111119;0.0;8326
9865;-930;8935;10795;-9174450;-11.0;-9513
-6354;6232;-122;-12586;-39598128;-2.0;-138
-9383;-6953;-16336;-2430;65239999;1.0;16270
-7605;6192;-1413;-13797;-47090160;-2.0;-1413
7559;6170;13729;1389;46639030;1.0;1437
6415;-4546;1869;10961;-29162590;-2.0;-2255
-1287;-5174;-6461;3887;6658938;0.0;4403
7209;8665;15874;-1456;62465985;0.0;15856
-200;-3895;-4095;3695;779000;0.0;4081
6999;-4062;2937;11061;-28429938;-2.0;-5259
-3201;9117;5916;-12318;-29183517;-1.0;-12062
-2821;5824;3003;-8645;-16429504;-1.0;-7621
4058;3412;7470;646;13845896;1.0;654
5512;520;6032;4992;2866240;10.0;6016
7672;-5561;2111;13233;-42663992;-2.0;-2113
-5959;655;-5304;-6614;-3903145;-10.0;-5578
7131;9309;16440;-2178;66382479;0.0;16262
3151;5482;8633;-2331;17273782;0.0;6437
1961;436;2397;1525;854996;4.0;1565
-5544;-6788;-12332;1244;37632672;0.0;3876
-8368;-9342;-17710;974;78173856;0.0;1234
5915;-1639;4276;7554;-9694685;-4.0;-4478
8476;384;8860;8092;3254784;22.0;8348
-739;-3394;-4133;2655;2508166;0.0;4003
-9443;4346;-5097;-13789;-41039278;-3.0;-13337
-4570;-2378;-6948;-2192;10867460;1.0;6288
7178;1353;8531;5825;9711834;5.0;6467
4215;456;4671;3759;1922040;9.0;4543
-6223;7864;1641;-14087;-48937672;-1.0;-1783
-785;8036;7251;-8821;-6308260;-1.0;-7285
-5255;-7680;-12935;2425;40358400;0.0;2425
53;-8563;-8510;8616;-453839;-1.0;-8520
7553;9093;16646;-1540;68679429;0.0;15876
-1559;-2352;-3911;793;3666768;0.0;3897
8941;-4820;4121;13761;-43095620;-2.0;-12351
5631;-8250;-2619;13881;-46455750;-1.0;-13767
-3493;3238;-255;-6731;-11310334;-2.0;-259
3901;8915;12816;-5014;34777415;0.0;11758
-1150;6055;4905;-7205;-6963250;-1.0;-5083
-5516;8002;2486;-13518;-44139032;-1.0;-2762
9877;-9572;305;19449;-94542644;-2.0;-1015
-3006;-7916;-10922;4910;23795496;0.0;5462
-8990;8719;-271;-17709;-78383810;-2.0;-275
-2281;-7532;-9813;5251;17180492;0.0;5507
-5466;3981;-1485;-9447;-21760146;-2.0;-6869
-7266;-493;-7759;-6773;3582138;14.0;7565
-3909;8635;4726;-12544;-33754215;-1.0;-12032
4742;2193;6935;2549;10399206;2.0;6679
-2470;1114;-1356;-3584;-2751580;-3.0;-3584
4953;-326;4627;5279;-1614678;-16.0;-4637
-9399;9613;214;-19012;-90352587;-1.0;-316
-447;-3059;-3506;2612;1367373;0.0;2636
9145;7703;16848;1442;70443935;1.0;15790
-5024;8623;3599;-13647;-43321952;-1.0;-12849
7200;7242;14442;-42;52142400;0.0;106
-7257;-2130;-9387;-5127;15457410;3.0;5129
-6700;-7633;-14333;933;51141100;0.0;2043
-870;-5573;-6443;4703;4848510;0.0;5793
8207;660;8867;7547;5416620;12.0;8859
-5446;-3800;-9246;-1646;20694800;1.0;7058
5453;4163;9616;1290;22700839;1.0;1294
2255;6902;9157;-4647;15564010;0.0;4665
-5928;-2981;-8909;-2947;17671368;1.0;7299
5162;5073;10235;89;26186826;1.0;2043
1616;522;2138;1094;843552;3.0;1114
6213;87;6300;6126;540531;71.0;6162
-4063;4321;258;-8384;-17556223;-1.0;-8000
5530;-5395;135;10925;-29834350;-2.0;-137
-6397;4388;-2009;-10785;-28070036;-2.0;-2521
7581;7922;15503;-341;60056682;0.0;879
3303;9247;12550;-5944;30542841;0.0;10488
4233;-9494;-5261;13727;-40188102;-1.0;-13725
3688;-9929;-6241;13617;-36618152;-1.0;-10401
-9445;9021;-424;-18466;-85203345;-2.0;-2010
6162;-7731;-1569;13893;-47638422;-1.0;-1569
-8011;-8137;-16148;126;65185507;0.0;130
-4203;-1650;-5853;-2553;6934950;2.0;5659
-8568;-6770;-15338;-1798;58005360;1.0;15110
919;6039;6958;-5120;5549841;0.0;5120
9462;7471;16933;1991;70690602;1.0;14809
-4342;3609;-733;-7951;-15670278;-2.0;-7917
9212;2853;12065;6359;26281836;3.0;10457
7634;1432;9066;6202;10931888;5.0;6218
-7229;-6075;-13304;-1154;43916175;1.0;2950
5376;9522;14898;-4146;51190272;0.0;12338
-6638;6393;-245;-13031;-42436734;-2.0;-277
8759;-9895;-1136;18654;-86670305;-1.0;-1170
-6362;6012;-350;-12374;-38248344;-2.0;-4006
-9243;4093;-5150;-13336;-37831599;-3.0;-11240
-8703;6922;-1781;-15625;-60242166;-2.0;-15093
2786;-6028;-3242;8814;-16794008;-1.0;-7530
-9351;-6541;-15892;-2810;61164891;1.0;15626
6655;5410;12065;1245;36003550;1.0;3293
-2663;-1811;-4474;-852;4822693;1.0;3444
-8721;4185;-4536;-12906;-36497385;-3.0;-12874
7362;-2087;5275;9449;-15364494;-4.0;-5349
4355;-522;3833;4877;-2273310;-9.0;-4875
-417;9837;9420;-10254;-4102029;-1.0;-10190
2337;-570;1767;2907;-1332090;-5.0;-2841
-9902;6289;-3613;-16191;-62273678;-2.0;-15933
-6486;7096;610;-13582;-46024656;-1.0;-750
7059;-8476;-1417;15535;-59832084;-1.0;-14985
-5002;-1713;-6715;-3289;8568426;2.0;5433
1137;5570;6707;-4433;6333090;0.0;4531
578;-4679;-4101;5257;-2704462;-1.0;-4101
6244;-9937;-3693;16181;-62046628;-1.0;-16053
-5910;4271;-1639;-10181;-25241610;-2.0;-1979
7168;-4901;2267;12069;-35130368;-2.0;-3877
5346;-2159;3187;7505;-11542014;-3.0;-7309
-5080;7400;2320;-12480;-37592000;-1.0;-3904
7570;8098;15668;-528;61301860;0.0;560
425;-6399;-5974;6824;-2719575;-1.0;-6488
-4243;-1481;-5724;-2762;6283883;2.0;5466
8992;-8550;442;17542;-76881600;-2.0;-582
-100;-9006;-9106;8906;900600;0.0;9038
-9856;4610;-5246;-14466;-45436160;-3.0;-13438
4427;-8048;-3621;12475;-35628496;-1.0;-3621
5252;-7722;-2470;12974;-40555944;-1.0;-2734
2814;-4676;-1862;7490;-13158264;-1.0;-6334
9886;-4725;5161;14611;-46711350;-3.0;-13547
2207;-9612;-7405;11819;-21213684;-1.0;-11541
6478;-9234;-2756;15712;-59817852;-1.0;-15712
-5474;1324;-4150;-6798;-7247576;-5.0;-4174
9460;2209;11669;7251;20897140;4.0;11349
-655;-6163;-6818;5508;4036765;0.0;6812
5922;291;6213;5631;1723302;20.0;5633
3180;-4797;-1617;7977;-15254460;-1.0;-7889
6894;3885;10779;3009;26783190;1.0;5571
7653;4104;11757;3549;31407912;1.0;3565
3816;5839;9655;-2023;22281624;0.0;6183
-7787;-1261;-9048;-6526;9819407;6.0;6790
7166;1825;8991;5341;13077950;3.0;7391
8104;3374;11478;4730;27342896;2.0;4742
7;9526;9533;-9519;66682;0.0;9521
824;1955;2779;-1131;1610920;0.0;1179
442;8528;8970;-8086;3769376;0.0;8426
-1405;-5185;-6590;3780;7284925;0.0;4412
8072;6909;14981;1163;55769448;1.0;1397
3183;4262;7445;-1079;13565946;0.0;7369
-8897;1385;-7512;-10282;-12322345;-7.0;-10154
7628;-834;6794;8462;-6361752;-10.0;-7822
-5909;5762;-147;-11671;-34047658;-2.0;-407
-6462;-6993;-13455;531;45188766;0.0;621
7125;-3534;3591;10659;-25179750;-3.0;-5657
-7734;-3333;-11067;-4401;25777422;2.0;4913
495;1603;2098;-1108;793485;0.0;1964
-7183;8046;863;-15229;-57794418;-1.0;-865
-2718;-1435;-4153;-1283;3900330;1.0;3847
9329;3808;13137;5521;35524832;2.0;10897
-5747;2128;-3619;-7875;-12229616;-3.0;-7715
8393;-756;7637;9149;-6345108;-12.0;-8763
2952;-3158;-206;6110;-9322416;-1.0;-2014
-2085;-889;-2974;-1196;1853565;2.0;2908
610;6786;7396;-6176;4139460;0.0;6368
-9036;-1577;-10613;-7459;14249772;5.0;9571
-4494;-6312;-10806;1818;28366128;0.0;2346
1159;5310;6469;-4151;6154290;0.0;4153
3994;703;4697;3291;2807782;5.0;3365
9922;-1064;8858;10986;-10557008;-10.0;-8934
2399;887;3286;1512;2127913;2.0;2600
-1125;-6786;-7911;5661;7634250;0.0;7909
-1094;-1170;-2264;76;1279980;0.0;212
-2597;-7812;-10409;5215;20287764;0.0;5287
4562;-4206;356;8768;-19187772;-2.0;-448
-4094;-9908;-14002;5814;40563352;0.0;10574
-7142;7585;443;-14727;-54172070;-1.0;-1605
3394;4807;8201;-1413;16314958;0.0;8069
-2750;-3173;-5923;423;8725750;0.0;1753
4051;76;4127;3975;307876;53.0;3999
-120;-6884;-7004;6764;826080;0.0;6804
234;-4453;-4219;4687;-1042002;-1.0;-4495
8453;-6290;2163;14743;-53169370;-2.0;-14741
7635;8393;16028;-758;64080555;0.0;15642
5680;4973;10653;707;28246640;1.0;1373
3787;-7558;-3771;11345;-28622146;-1.0;-4943
5752;-7928;-2176;13680;-45601856;-1.0;-2192
7663;9075;16738;-1412;69541725;0.0;16028
8691;-5589;3102;14280;-48573999;-2.0;-13352
6868;-205;6663;7073;-1407940;-34.0;-6681
4156;1781;5937;2375;7401836;2.0;5833
-8021;-4072;-12093;-3949;32661512;1.0;4275
4078;-5953;-1875;10031;-24276334;-1.0;-6319
1184;-2926;-1742;4110;-3464384;-1.0;-4046
-8722;-2136;-10858;-6586;18630192;4.0;10822
5467;8579;14046;-3112;46901393;0.0;13528
2614;-1934;680;4548;-5055476;-2.0;-3516
-44;-9135;-9179;9091;401940;0.0;9093
1176;-8960;-7784;10136;-10536960;-1.0;-9832
-8184;1680;-6504;-9864;-13749120;-5.0;-6504
287;9601;9888;-9314;2755487;0.0;9374
4085;6424;10509;-2339;26242040;0.0;5869
-7260;-536;-7796;-6724;3891360;13.0;7756
5677;5786;11463;-109;32847122;0.0;183
2651;-3785;-1134;6436;-10034035;-1.0;-1172
7996;-1645;6351;9641;-13153420;-5.0;-6481
3603;9707;13310;-6104;34974321;0.0;11256
9395;7035;16430;2360;66093825;1.0;16328
-6415;6840;425;-13255;-43878600;-1.0;-951
5316;9909;15225;-4593;52676244;0.0;12913
4872;-1997;2875;6869;-9729384;-3.0;-5317
8655;-9858;-1203;18513;-85320990;-1.0;-1871
-7650;-6229;-13879;-1421;47651850;1.0;1461
1126;-5859;-4733;6985;-6597234;-1.0;-4741
-1249;-5250;-6499;4001;6557250;0.0;4193
2220;-2603;-383;4823;-5778660;-1.0;-647
-445;7504;7059;-7949;-3339280;-1.0;-7405
-5782;-6932;-12714;1150;40080824;0.0;3462
-9959;-8782;-18741;-1177;87459938;1.0;1195
-2518;6888;4370;-9406;-17343984;-1.0;-4926
-7138;7551;413;-14689;-53899038;-1.0;-1695
6607;-543;6064;7150;-3587601;-13.0;-7122
2518;-3304;-786;5822;-8319472;-1.0;-1330
-1807;4673;2866;-6480;-8444111;-1.0;-5456
-351;9066;8715;-9417;-3182166;-1.0;-8757
-162;8311;8149;-8473;-1346382;-1.0;-8407
-9778;-4829;-14607;-4949;47217962;2.0;13549
268;6731;6999;-6463;1803908;0.0;6983
-8008;4488;-3520;-12496;-35939904;-2.0;-3792
-9837;-5275;-15112;-4562;51890175;1.0;13046
5543;7976;13519;-2433;44210968;0.0;2703
90;5466;5556;-5376;491940;0.0;5376
2586;-7047;-4461;9633;-18223542;-1.0;-4509
6585;-6317;268;12902;-41597445;-2.0;-278
2465;-7876;-5411;10341;-19414340;-1.0;-5987
8776;1752;10528;7024;15375552;5.0;9360
4265;-1912;2353;6177;-8154680;-3.0;-6111
-1409;-3829;-5238;2420;5395061;0.0;2932
2360;6062;8422;-3702;14306320;0.0;7830
6543;8136;14679;-1593;53233848;0.0;1607
4399;2783;7182;1616;12242417;1.0;7152
-8853;-404;-9257;-8449;3576612;21.0;8967
-1941;6007;4066;-7948;-11659587;-1.0;-4324
7688;8760;16448;-1072;67346880;0.0;15408
897;1633;2530;-736;1464801;0.0;1504
6516;1756;8272;4760;11442096;3.0;8104
-7670;7858;188;-15528;-60270860;-1.0;-840
-7793;-4910;-12703;-2883;38263630;1.0;3421
8176;-3798;4378;11974;-31052448;-3.0;-4390
-1350;479;-871;-1829;-646650;-3.0;-1179
-5375;1648;-3727;-7023;-8858000;-4.0;-4751
5883;9854;15737;-3971;57971082;0.0;12421
8638;-8903;-265;17541;-76904114;-1.0;-889
-4563;262;-4301;-4825;-1195506;-18.0;-4309
-7170;-45;-7215;-7125;322650;159.0;7213
598;-7836;-7238;8434;-4685928;-1.0;-7374
6379;-8460;-2081;14839;-53966340;-1.0;-14817
8782;4161;12943;4621;36541902;2.0;12815
7334;-7530;-196;14864;-55225020;-1.0;-464
2983;1814;4797;1169;5411162;1.0;3249
6593;975;7568;5618;6428175;6.0;6670
-2447;-1731;-4178;-716;4235757;1.0;3916
3657;6315;9972;-2658;23093955;0.0;5858
1309;3865;5174;-2556;5059285;0.0;2564
-1936;-3932;-5868;1996;7612352;0.0;2260
-322;-8705;-9027;8383;2803010;0.0;9025
6140;1509;7649;4631;9265260;4.0;4633
2403;-3166;-763;5569;-7607898;-1.0;-1343
5886;-3715;2171;9601;-21866490;-2.0;-6269
-1962;-9487;-11449;7525;18613494;0.0;8871
-8044;-3314;-11358;-4730;26657816;2.0;5018
-6455;4656;-1799;-11111;-30054480;-2.0;-2823
4966;-858;4108;5824;-4260828;-6.0;-4160
-4655;4493;-162;-9148;-20914915;-2.0;-932
2626;8942;11568;-6316;23481692;0.0;10412
6197;-7414;-1217;13611;-45944558;-1.0;-1217
-5074;9223;4149;-14297;-46797502;-1.0;-14295
288;-6456;-6168;6744;-1859328;-1.0;-6168
-8611;85;-8526;-8696;-731935;-102.0;-8696
6680;8254;14934;-1574;55136720;0.0;14886
5072;-8802;-3730;13874;-44643744;-1.0;-12722
-117;-3612;-3729;3495;422604;0.0;3695
-4451;5298;847;-9749;-23581398;-1.0;-1489
1704;-7420;-5716;9124;-12643680;-1.0;-6740
-8277;7733;-544;-16010;-64006041;-2.0;-15970
-9396;-9788;-19184;392;91968048;0.0;648
-3124;-4484;-7608;1360;14008016;0.0;7600
-539;9710;9171;-10249;-5233690;-1.0;-10229
-8417;-8282;-16699;-135;69709594;1.0;185
-1322;-7430;-8752;6108;9822460;0.0;6188
-6566;-7201;-13767;635;47281766;0.0;1413
9832;-8774;1058;18606;-86265968;-2.0;-1070
7925;2398;10323;5527;19004150;3.0;6059
-2755;596;-2159;-3351;-1641980;-5.0;-2199
-9862;-5481;-15343;-4381;54053622;1.0;13293
5566;8836;14402;-3270;49181176;0.0;14138
-2412;-4583;-6995;2171;11054196;0.0;6285
7048;-9683;-2635;16731;-68245784;-1.0;-15963
5450;-9145;-3695;14595;-49840250;-1.0;-14067
-8286;-1947;-10233;-6339;16132842;4.0;10183
4207;2379;6586;1828;10008453;1.0;6436
-6200;2450;-3750;-8650;-15190000;-3.0;-4518
5584;-2478;3106;8062;-13837152;-3.0;-7294
-8041;-67;-8108;-7974;538747;120.0;7978
-7436;4513;-2923;-11949;-33558668;-2.0;-3243
-9060;9849;789;-18909;-89231940;-1.0;-1307
6542;-9073;-2531;15615;-59355566;-1.0;-15103
9205;9979;19184;-774;91856695;0.0;1294
3685;840;4525;2845;3095400;4.0;3373
-1496;141;-1355;-1637;-210936;-11.0;-1371
2479;3384;5863;-905;8388936;0.0;1175
9876;3644;13520;6232;35988144;2.0;10408
3332;1400;4732;1932;4664800;2.0;2172
9788;6860;16648;2928;67145680;1.0;15600
8935;4712;13647;4223;42101720;1.0;12431
5687;-3640;2047;9327;-20700680;-2.0;-6145
-2685;5738;3053;-8423;-15406530;-1.0;-7191
-8048;-5315;-13363;-2733;42775120;1.0;2989
-6896;-3709;-10605;-3187;25577264;1.0;5267
3771;4979;8750;-1208;18775809;0.0;7624
3940;-8017;-4077;11957;-31586980;-1.0;-4149
1149;-5242;-4093;6391;-6023058;-1.0;-4101
-9366;-9584;-18950;218;89763744;0.0;506
5908;-1157;4751;7065;-6835556;-6.0;-5009
9005;-7933;1072;16938;-71436665;-2.0;-15826
3552;3837;7389;-285;13629024;0.0;797
3002;2139;5141;863;6421278;1.0;993
4861;-4154;707;9015;-20192594;-2.0;-709
4366;-3215;1151;7581;-14036690;-2.0;-7553
2214;-1632;582;3846;-3613248;-2.0;-3834
-7709;468;-7241;-8177;-3607812;-17.0;-8137
-8101;-7659;-15760;-442;62045559;1.0;590
-6296;5166;-1130;-11462;-32525136;-2.0;-3258
-785;8867;8082;-9652;-6960595;-1.0;-8628
969;-3853;-2884;4822;-3733557;-1.0;-3270
-7043;9465;2422;-16508;-66661995;-1.0;-16252
1070;9426;10496;-8356;10085820;0.0;8444
3828;6631;10459;-2803;25383468;0.0;5907
3965;-2115;1850;6080;-8385975;-2.0;-1856
7912;3277;11189;4635;25927624;2.0;4645
-3497;4940;1443;-8437;-17275180;-1.0;-7909
-686;-4217;-4903;3531;2892862;0.0;4821
2058;748;2806;1310;1539384;2.0;2790
373;1957;2330;-1584;729961;0.0;1744
-811;-8575;-9386;7764;6954325;0.0;8788
-1507;4287;2780;-5794;-6460509;-1.0;-5470
2033;-4955;-2922;6988;-10073515;-1.0;-5292
5945;1193;7138;4752;7092385;4.0;5008
3692;-5517;-1825;9209;-20368764;-1.0;-7137
-3430;-5303;-8733;1873;18189290;0.0;6611
3210;-5832;-2622;9042;-18720720;-1.0;-6734
5368;1822;7190;3546;9780496;2.0;5094
-5872;-2344;-8216;-3528;13763968;2.0;8136
-9567;4941;-4626;-14508;-47270547;-2.0;-13844
-347;2401;2054;-2748;-833147;-1.0;-2108
5820;-3102;2718;8922;-18053640;-2.0;-6818
-7899;-1850;-9749;-6049;14613150;4.0;6627
7634;-4674;2960;12308;-35681316;-2.0;-3988
6144;-6087;57;12231;-37398528;-2.0;-4039
2038;2480;4518;-442;5054240;0.0;3654
-3058;-6930;-9988;3872;21191940;0.0;4320
-7965;-4764;-12729;-3201;37945260;1.0;3463
-3720;1557;-2163;-5277;-5792040;-3.0;-2195
7575;9664;17239;-2089;73204800;0.0;14423
1579;-1087;492;2666;-1716373;-2.0;-534
-6990;6795;-195;-13785;-47497050;-2.0;-455
9948;-4645;5303;14593;-46208460;-3.0;-13561
-2630;-1058;-3688;-1572;2782540;2.0;3684
6072;-5212;860;11284;-31647264;-2.0;-996
-5656;5520;-136;-11176;-31221120;-2.0;-904
805;-7259;-6454;8064;-5843495;-1.0;-8064
845;7710;8555;-6865;6514950;0.0;7507
559;516;1075;43;288444;1.0;43
-3789;1769;-2020;-5558;-6702741;-3.0;-2086
1659;-2301;-642;3960;-3817359;-1.0;-3720
391;501;892;-110;195891;0.0;114
-3603;-2003;-5606;-1600;7216809;1.0;2496
4634;3891;8525;743;18030894;1.0;7465
3710;-138;3572;3848;-511980;-27.0;-3832
9258;-7254;2004;16512;-67157532;-2.0;-14464
-8220;-6500;-14720;-1720;53430000;1.0;14712
4368;4435;8803;-67;19372080;0.0;67
4699;8112;12811;-3413;38118288;0.0;3563
7855;4162;12017;3693;32692510;1.0;3821
-1716;-753;-2469;-963;1292148;2.0;1091
-6875;-4094;-10969;-2781;28146250;1.0;5415
-9665;6672;-2993;-16337;-64484880;-2.0;-16337
-8080;-6998;-15078;-1082;56543840;1.0;1242
-5087;-76;-5163;-5011;386612;66.0;5013
-2580;6688;4108;-9268;-17255040;-1.0;-4148
-7111;-1137;-8248;-5974;8085207;6.0;8118
795;-5607;-4812;6402;-4457565;-1.0;-5886
-808;7580;6772;-8388;-6124640;-1.0;-7868
-3459;-4506;-7965;1047;15586254;0.0;7195
1702;-7842;-6140;9544;-13347084;-1.0;-6152
-4896;-8893;-13789;3997;43540128;0.0;12707
-4961;-7473;-12434;2512;37073553;0.0;3664
-667;-1371;-2038;704;914457;0.0;1984
9536;4787;14323;4749;45648832;1.0;14323
-8895;3886;-5009;-12781;-34565970;-3.0;-11665
-5615;-2505;-8120;-3110;14065575;2.0;7206
943;5214;6157;-4271;4916802;0.0;6129
-2178;8307;6129;-10485;-18092646;-1.0;-10483
-858;0;-858;-858;0;-inf;-858
-2078;-6685;-8763;4607;13891430;0.0;4609
-7567;1736;-5831;-9303;-13136312;-5.0;-6983
-6325;-5382;-11707;-943;34041150;1.0;3505
-2719;-199;-2918;-2520;541081;13.0;2648
8399;4869;13268;3530;40894731;1.0;13258
6356;5554;11910;802;35301224;1.0;3430
-8107;9381;1274;-17488;-76051767;-1.0;-15120
-7259;-4693;-11952;-2566;34066487;1.0;3598
1519;2315;3834;-796;3516485;0.0;3300
5323;3249;8572;2074;17294427;1.0;6266
-9584;9294;-290;-18878;-89073696;-2.0;-290
2599;6429;9028;-3830;16708971;0.0;4922
-9135;-6184;-15319;-2951;56490840;1.0;15241
-2412;8907;6495;-11319;-21483684;-1.0;-11169
-8157;9421;1264;-17578;-76847097;-1.0;-15122
-9847;3906;-5941;-13753;-38462382;-3.0;-10549
7568;-7519;49;15087;-56903792;-2.0;-207
-2665;-9756;-12421;7091;25999740;0.0;11379
-1125;6709;5584;-7834;-7547625;-1.0;-7762
-3559;1029;-2530;-4588;-3662211;-4.0;-2532
9800;1342;11142;8458;13151600;7.0;9078
-5332;-6185;-11517;853;32978420;0.0;3323
8335;-4355;3980;12690;-36298925;-2.0;-12686
3309;8055;11364;-4746;26653995;0.0;5018
-4356;7824;3468;-12180;-34081344;-1.0;-3988
6898;2204;9102;4694;15203192;3.0;4718
-2645;2130;-515;-4775;-5633850;-2.0;-519
7457;-2592;4865;10049;-19328544;-3.0;-5951
-7540;-9854;-17394;2314;74299160;0.0;15118
9871;2647;12518;7224;26128537;3.0;11480
-8635;1301;-7334;-9936;-11234135;-7.0;-9392
-5583;-7893;-13476;2310;44066619;0.0;2842
7917;-1242;6675;9159;-9832914;-7.0;-6709
2042;81;2123;1961;165402;25.0;1963
581;982;1563;-401;570542;0.0;403
-3414;7594;4180;-11008;-25925916;-1.0;-4352
7416;-39;7377;7455;-289224;-191.0;-7391
-7080;-3861;-10941;-3219;27335880;1.0;5299
-2519;-5404;-7923;2885;13612676;0.0;7373
-6522;-9962;-16484;3440;64972164;0.0;16272
-9713;-3855;-13568;-5858;37443615;2.0;11006
8676;1427;10103;7249;12380652;6.0;9335
-7383;-2139;-9522;-5244;15792237;3.0;5260
-9965;-2018;-11983;-7947;20109370;4.0;8461
-500;1445;945;-1945;-722500;-1.0;-1111
366;6882;7248;-6516;2518812;0.0;7052
-9327;3804;-5523;-13131;-35479908;-3.0;-10931
8768;9672;18440;-904;84804096;0.0;1928
-9347;7483;-1864;-16830;-69943601;-2.0;-14778
3890;-6265;-2375;10155;-24370850;-1.0;-5963
5757;9472;15229;-3715;54530304;0.0;13181
1473;3267;4740;-1794;4812291;0.0;2306
-5301;-8389;-13690;3088;44470089;0.0;13424
-3786;-920;-4706;-2866;3483120;4.0;3422
1019;-27;992;1046;-27513;-38.0;-994
-6469;9450;2981;-15919;-61132050;-1.0;-15791
1717;-61;1656;1778;-104737;-29.0;-1674
-7344;268;-7076;-7612;-1968192;-28.0;-7588
-8800;-1175;-9975;-7625;10340000;7.0;9929
-145;7379;7234;-7524;-1069955;-1.0;-7236
-7235;-3096;-10331;-4139;22399560;2.0;4181
3982;6887;10869;-2905;27424034;0.0;5481
5823;6552;12375;-729;38152296;0.0;3879
9286;3150;12436;6136;29250900;2.0;10248
6367;1013;7380;5354;6449771;6.0;6954
7800;-673;7127;8473;-5249400;-12.0;-7385
-3264;2671;-593;-5935;-8718144;-2.0;-1745
-7915;-5040;-12955;-2875;39891600;1.0;3397
4380;4983;9363;-603;21825540;0.0;619
3177;4841;8018;-1664;15379857;0.0;7808
-7951;8248;297;-16199;-65579848;-1.0;-16183
9936;-8189;1747;18125;-81365904;-2.0;-14637
8567;-209;8358;8776;-1790503;-41.0;-8616
-5280;-1048;-6328;-4232;5533440;5.0;4232
7448;5628;13076;1820;41917344;1.0;2276
9553;4840;14393;4713;46236520;1.0;14265
7145;-2391;4754;9536;-17083695;-3.0;-4800
4565;-518;4047;5083;-2364670;-9.0;-5073
-6874;-7754;-14628;880;53300996;0.0;1168
-470;-565;-1035;95;265550;0.0;993
-4725;-5951;-10676;1226;28118475;0.0;1354
-4097;7064;2967;-11161;-28941208;-1.0;-2969
5644;2119;7763;3525;11959636;2.0;7755
-5959;1984;-3975;-7943;-11822656;-4.0;-4231
-4713;-3570;-8283;-1143;16825410;1.0;8089
3800;1633;5433;2167;6205400;2.0;2233
6398;-5972;426;12370;-38208856;-2.0;-4014
2626;1372;3998;1254;3602872;1.0;3870
7819;7526;15345;293;58845794;1.0;1005
-1528;-6597;-8125;5069;10080216;0.0;7219
-9577;-73;-9650;-9504;699121;131.0;9504
4161;9611;13772;-5450;39991371;0.0;13770
3277;-7114;-3837;10391;-23312578;-1.0;-5893
-3479;578;-2901;-4057;-2010862;-7.0;-4053
8309;-4690;3619;12999;-38969210;-2.0;-12837
-7742;2702;-5040;-10444;-20918884;-3.0;-5300
268;9915;10183;-9647;2657220;0.0;10167
-9997;-1909;-11906;-8088;19084273;5.0;8312
-4248;-5020;-9268;772;21324960;0.0;780
3962;-6517;-2555;10479;-25820354;-1.0;-5647
305;-9814;-9509;10119;-2993270;-1.0;-10085
3583;6539;10122;-2956;23429237;0.0;5236
7761;5755;13516;2006;44664555;1.0;2090
-6358;7787;1429;-14145;-49509746;-1.0;-1727
-5616;-1920;-7536;-3696;10782720;2.0;4752
-826;1617;791;-2443;-1335642;-1.0;-1385
7084;1301;8385;5783;9216284;5.0;7865
-7895;9965;2070;-17860;-78673675;-1.0;-14396
-2090;-579;-2669;-1511;1210110;3.0;2667
3646;-145;3501;3791;-528670;-26.0;-3759
-9001;-9059;-18060;58;81540059;0.0;74
-8108;-5536;-13644;-2572;44885888;1.0;2612
-7789;6267;-1522;-14056;-48813663;-2.0;-1560
-6078;-1251;-7329;-4827;7603578;4.0;4959
3834;5404;9238;-1570;20718936;0.0;7142
9836;2488;12324;7348;24471968;3.0;12244
4223;9447;13670;-5224;39894681;0.0;13464
-6176;-3652;-9828;-2524;22554752;1.0;5724
734;-1439;-705;2173;-1056226;-1.0;-1857
1892;-9239;-7347;11131;-17480188;-1.0;-9075
3412;1746;5158;1666;5957352;1.0;2950
-4651;-9830;-14481;5179;45719330;0.0;13391
-9429;-2566;-11995;-6863;24194814;3.0;11985
-5144;-983;-6127;-4161;5056552;5.0;6081
409;-4598;-4189;5007;-1880582;-1.0;-4205
-8805;8573;-232;-17378;-75485265;-2.0;-794
1586;5343;6929;-3757;8473998;0.0;4845
-8682;-1500;-10182;-7182;13023000;5.0;9266
-581;-8459;-9040;7878;4914679;0.0;9038
3244;7330;10574;-4086;23778520;0.0;4110
-2695;-7438;-10133;4743;20045410;0.0;6027
3570;-9573;-6003;13143;-34175610;-1.0;-10391
308;2605;2913;-2297;802340;0.0;2841
-2775;4762;1987;-7537;-13214550;-1.0;-6221
6727;9849;16576;-3122;66254223;0.0;15422
1612;-9403;-7791;11015;-15157636;-1.0;-8951
-7753;-9398;-17151;1645;72862694;0.0;15101
-8797;9381;584;-18178;-82524657;-1.0;-1786
-5967;-4338;-10305;-1629;25884846;1.0;1983
5570;-1859;3711;7429;-10354630;-3.0;-4737
-1347;6493;5146;-7840;-8746071;-1.0;-7200
3400;1020;4420;2380;3468000;3.0;3764
-694;-3247;-3941;2553;2253418;0.0;3611
9597;-6589;3008;16186;-63234633;-2.0;-15554
6306;537;6843;5769;3386322;11.0;6843
-2051;-6270;-8321;4219;12859770;0.0;4223
4528;4144;8672;384;18764032;1.0;384
917;-5993;-5076;6910;-5495581;-1.0;-5374
8004;6879;14883;1125;55059516;1.0;1435
7033;2936;9969;4097;20648888;2.0;4097
-4912;-80;-4992;-4832;392960;61.0;4960
-5088;3612;-1476;-8700;-18377856;-2.0;-7620
3070;-6018;-2948;9088;-18475260;-1.0;-7296
-6025;1765;-4260;-7790;-10634125;-4.0;-4462
9514;8972;18486;542;85359608;1.0;1574
5575;1336;6911;4239;7448200;4.0;4351
-5709;-7851;-13560;2142;44821359;0.0;2278
7966;7727;15693;239;61553282;1.0;305
2326;-403;1923;2729;-937378;-6.0;-2181
4285;2129;6414;2156;9122765;2.0;6380
-6257;-7825;-14082;1568;48961025;0.0;1760
-2767;-7611;-10378;4844;21059637;0.0;6004
-8003;1819;-6184;-9822;-14557457;-5.0;-6234
5657;-5536;121;11193;-31317152;-2.0;-903
-5524;-464;-5988;-5060;2563136;11.0;5212
8114;7458;15572;656;60514212;1.0;656
-3038;-7491;-10529;4453;22757658;0.0;5791
6146;-264;5882;6410;-1622544;-24.0;-6406
-7599;4365;-3234;-11964;-33169635;-2.0;-3236
-2111;-6948;-9059;4837;14667228;0.0;4893
-239;-300;-539;61;71700;0.0;453
3405;474;3879;2931;1613970;7.0;3223
7558;-1903;5655;9461;-14382874;-4.0;-6889
-120;-6129;-6249;6009;735480;0.0;6023
-9812;-7371;-17183;-2441;72324252;1.0;15001
1486;2362;3848;-876;3509932;0.0;3316
2510;2362;4872;148;5928620;1.0;244
6722;8285;15007;-1563;55691770;0.0;14879
-7605;-9570;-17175;1965;72779850;0.0;14549
1590;5705;7295;-4115;9070950;0.0;4223
2124;8921;11045;-6797;18948204;0.0;10901
-8216;7353;-863;-15569;-60412248;-2.0;-15535
-7837;2864;-4973;-10701;-22445168;-3.0;-5549
408;-3150;-2742;3558;-1285200;-1.0;-3542
4433;1406;5839;3027;6232798;3.0;5167
-4770;6674;1904;-11444;-31834980;-1.0;-2228
-5545;4124;-1421;-9669;-22867580;-2.0;-1461
-6624;4301;-2323;-10925;-28489824;-2.0;-2323
9372;-2537;6835;11909;-23776764;-4.0;-11637
-5324;8640;3316;-13964;-45999360;-1.0;-13580
-1259;-871;-2130;-388;1096589;1.0;1932
-6262;-2656;-8918;-3606;16631872;2.0;4650
642;-4456;-3814;5098;-2860752;-1.0;-5094
471;1517;1988;-1046;714507;0.0;1082
-3226;787;-2439;-4013;-2538862;-5.0;-3979
4356;8383;12739;-4027;36516348;0.0;12731
-1198;8782;7584;-9980;-10520836;-1.0;-9956
6555;-4372;2183;10927;-28658460;-2.0;-2185
2060;7938;9998;-5878;16352280;0.0;5902
5296;9921;15217;-4625;52541616;0.0;12913
9112;-4484;4628;13596;-40858208;-3.0;-12828
7178;-3072;4106;10250;-22050816;-3.0;-6134
1947;-2470;-523;4417;-4809090;-1.0;-3647
-2458;1613;-845;-4071;-3964754;-2.0;-4053
3033;762;3795;2271;2311146;3.0;2339
-6816;-6643;-13459;-173;45278688;1.0;877
-2614;-7401;-10015;4787;19346214;0.0;5853
4345;-934;3411;5279;-4058230;-5.0;-4957
445;6835;7280;-6390;3041575;0.0;6926
705;4221;4926;-3516;2975805;0.0;4796
-8834;-4903;-13737;-3931;43313102;1.0;12711
7319;-5016;2303;12335;-36712104;-2.0;-3841
-1429;-1497;-2926;68;2139213;0.0;76
-7586;-429;-8015;-7157;3254394;17.0;7181
-5136;1914;-3222;-7050;-9830304;-3.0;-4982
4316;7849;12165;-3533;33876284;0.0;3701
-8279;-646;-8925;-7633;5348234;12.0;8915
-4463;-582;-5045;-3881;2597466;7.0;4907
-6173;-8271;-14444;2098;51056883;0.0;14418
-3967;-8154;-12121;4187;32346918;0.0;4263
-1736;3280;1544;-5016;-5694080;-1.0;-2584
2560;1543;4103;1017;3950080;1.0;3079
5761;7787;13548;-2026;44860907;0.0;2282
-1441;-7308;-8749;5867;10530828;0.0;6443
-7403;8458;1055;-15861;-62614574;-1.0;-15841
3555;-7981;-4426;11536;-28372455;-1.0;-4816
-3880;8858;4978;-12738;-34369040;-1.0;-11710
-1395;-7510;-8905;6115;10476450;0.0;6183
1201;-4386;-3185;5587;-5267586;-1.0;-5521
2780;5512;8292;-2732;15323360;0.0;8020
6925;8360;15285;-1435;57893000;0.0;15269
9467;7426;16893;2041;70301942;1.0;14841
-8506;-3708;-12214;-4798;31540248;2.0;12098
-7891;-8769;-16660;878;69196179;0.0;15506
7173;8211;15384;-1038;58897503;0.0;15382
2933;4229;7162;-1296;12403657;0.0;7152
3954;286;4240;3668;1130844;13.0;3692
-6484;4256;-2228;-10740;-27595904;-2.0;-2548
8300;6314;14614;1986;52406200;1.0;14534
-1069;5511;4442;-6580;-5891259;-1.0;-4524
-9036;3498;-5538;-12534;-31607928;-3.0;-12002
2728;2321;5049;407;6331688;1.0;953
-7483;-5522;-13005;-1961;41321126;1.0;2219
-9838;-2741;-12579;-7097;26965958;3.0;11481
-80;-5580;-5660;5500;446400;0.0;5508
-766;8120;7354;-8886;-6219920;-1.0;-7494
9220;-1733;7487;10953;-15978260;-6.0;-8897
-3512;-7476;-10988;3964;26255712;0.0;4228
4973;9356;14329;-4383;46527388;0.0;14305
-7469;7451;-18;-14920;-55651519;-2.0;-56
-9698;6430;-3268;-16128;-62358140;-2.0;-15616
-7701;8439;738;-16140;-64988739;-1.0;-16100
7949;-400;7549;8349;-3179600;-20.0;-7811
7129;2192;9321;4937;15626768;3.0;4937
8561;3245;11806;5316;27780445;2.0;11740
-2889;-36;-2925;-2853;104004;80.0;2923
7280;-8600;-1320;15880;-62608000;-1.0;-15848
78;-8450;-8372;8528;-659100;-1.0;-8528
9499;-8380;1119;17879;-79601620;-2.0;-1441
-9474;-7366;-16840;-2108;69785484;1.0;14788
4560;6142;10702;-1582;28007520;0.0;1582
5106;-1970;3136;7076;-10058820;-3.0;-5188
-4324;-9242;-13566;4918;39962408;0.0;13562
7353;-3263;4090;10616;-23992839;-3.0;-4104
2996;-4505;-1509;7501;-13496980;-1.0;-6701
-5118;7208;2090;-12326;-36890544;-1.0;-4054
-9317;684;-8633;-10001;-6372828;-14.0;-9929
-4930;-317;-5247;-4613;1562810;15.0;4733
-8094;-9244;-17338;1150;74820936;0.0;15238
-8306;-1126;-9432;-7180;9352556;7.0;9236
-5072;-6235;-11307;1163;31623920;0.0;2965
-2795;-5569;-8364;2774;15565355;0.0;7978
-1285;5795;4510;-7080;-7446575;-1.0;-5032
-1568;3053;1485;-4621;-4787104;-1.0;-3571
-2338;3181;843;-5519;-7437178;-1.0;-1357
161;-7159;-6998;7320;-1152599;-1.0;-7000
4317;-9764;-5447;14081;-42151188;-1.0;-14079
84;872;956;-788;73248;0.0;828
619;3923;4542;-3304;2428337;0.0;3384
-7451;5854;-1597;-13305;-43618154;-2.0;-3013
9340;5674;15014;3666;52995160;1.0;12886
4814;-4990;-176;9804;-24021860;-1.0;-436
7348;3827;11175;3521;28120796;1.0;4679
-6016;5288;-728;-11304;-31812608;-2.0;-984
-4053;3748;-305;-7801;-15190644;-2.0;-369
5802;-7019;-1217;12821;-40724238;-1.0;-3521
-2812;9243;6431;-12055;-25991316;-1.0;-12001
-9963;-984;-10947;-8979;9803592;10.0;9533
1243;3454;4697;-2211;4293322;0.0;2469
-9;-7252;-7261;7243;65268;0.0;7259
9438;-1282;8156;10720;-12099516;-8.0;-8672
9179;-1221;7958;10400;-11207559;-8.0;-10016
8470;9868;18338;-1398;83581960;0.0;1946
-5358;-4210;-9568;-1148;22557180;1.0;1180
-918;8775;7857;-9693;-8055450;-1.0;-8659
-1455;1089;-366;-2544;-1584495;-2.0;-496
-4557;2962;-1595;-7519;-13497834;-2.0;-6751
-3739;-8554;-12293;4815;31983406;0.0;12275
-319;5403;5084;-5722;-1723557;-1.0;-5158
-5358;-2980;-8338;-2378;15966840;1.0;8014
8979;-682;8297;9661;-6123678;-14.0;-8635
2319;9001;11320;-6682;20873319;0.0;10790
2485;6487;8972;-4002;16120195;0.0;4322
-5013;2081;-2932;-7094;-10432053;-3.0;-7094
-5193;-2997;-8190;-2196;15563421;1.0;8188
6916;-8194;-1278;15110;-56669704;-1.0;-15110
729;8327;9056;-7598;6070383;0.0;8798
-2806;7515;4709;-10321;-21087090;-1.0;-6063
-6300;6393;93;-12693;-40275900;-1.0;-99
-9782;5364;-4418;-15146;-52470648;-2.0;-12994
5088;798;5886;4290;4060224;6.0;4350
-993;6297;5304;-7290;-6252921;-1.0;-7034
-9626;6470;-3156;-16096;-62280220;-2.0;-15584
8223;-2536;5687;10759;-20853528;-4.0;-10745
-1219;-931;-2150;-288;1134889;1.0;1888
-5732;-9633;-15365;3901;55216356;0.0;13251
7106;-4132;2974;11238;-29361992;-2.0;-3042
-3535;-9702;-13237;6167;34296570;0.0;10283
-7502;-6007;-13509;-1495;45064514;1.0;2619
-7376;-5124;-12500;-2252;37794624;1.0;2252
-7818;5349;-2469;-13167;-41818482;-2.0;-2669
-711;-9671;-10382;8960;6876081;0.0;9984
-7129;647;-6482;-7776;-4612463;-12.0;-6496
2371;-6581;-4210;8952;-15603551;-1.0;-4344
-3105;8130;5025;-11235;-25243650;-1.0;-5091
7453;6683;14136;770;49808399;1.0;1798
3426;6394;9820;-2968;21905844;0.0;5528
8821;-9987;-1166;18808;-88095327;-1.0;-1400
436;6553;6989;-6117;2857108;0.0;6189
1106;-1862;-756;2968;-2059372;-1.0;-792
-1675;131;-1544;-1806;-219425;-13.0;-1546
1626;-3976;-2350;5602;-6464976;-1.0;-2526
8701;-1435;7266;10136;-12485935;-7.0;-9320
-4981;-3254;-8235;-1727;16208174;1.0;8129
7861;-6026;1835;13887;-47370386;-2.0;-2365
-1645;-1347;-2992;-298;2215815;1.0;814
4827;9888;14715;-5061;47729376;0.0;13435
241;8653;8894;-8412;2085373;0.0;8508
-2791;4219;1428;-7010;-11775229;-1.0;-6814
-4400;1813;-2587;-6213;-7977200;-3.0;-5691
1883;3273;5156;-1390;6163059;0.0;2962
-2212;8968;6756;-11180;-19837216;-1.0;-11180
598;-4959;-4361;5557;-2965482;-1.0;-4361
5406;-4279;1127;9685;-23132274;-2.0;-1449
1733;-3838;-2105;5571;-6651254;-1.0;-2105
5178;-540;4638;5718;-2796120;-10.0;-5666
-5290;-9582;-14872;4292;50688780;0.0;12740
5793;-8411;-2618;14204;-48724923;-1.0;-13948
1417;-2632;-1215;4049;-3729544;-1.0;-4047
-4867;3557;-1310;-8424;-17311919;-2.0;-7912
3820;-1447;2373;5267;-5527540;-3.0;-2891
-7806;-2609;-10415;-5197;20365854;2.0;5197
-1812;4851;3039;-6663;-8790012;-1.0;-5601
-8010;1509;-6501;-9519;-12087090;-6.0;-6829
-5154;-5729;-10883;575;29527266;0.0;577
5640;-1501;4139;7141;-8465640;-4.0;-5077
4407;-1898;2509;6305;-8364486;-3.0;-5727
2460;-7703;-5243;10163;-18949380;-1.0;-6027
-9152;-830;-9982;-8322;7596160;11.0;8322
-2519;-1071;-3590;-1448;2697849;2.0;3576
5876;2009;7885;3867;11804884;2.0;4397
-8365;6716;-1649;-15081;-56179340;-2.0;-14993
-6210;9846;3636;-16056;-61143660;-1.0;-15928
-8764;-9605;-18369;841;84178220;0.0;1983
4282;-5935;-1653;10217;-25413670;-1.0;-1941
7640;4469;12109;3171;34143160;1.0;3245
6800;-880;5920;7680;-5984000;-8.0;-6656
4657;-300;4357;4957;-1397100;-16.0;-4891
-2790;-9839;-12629;7049;27450810;0.0;11403
6710;-7366;-656;14076;-49425860;-1.0;-1780
9020;-148;8872;9168;-1334960;-61.0;-9136
-4673;-2422;-7095;-2251;11318006;1.0;6965
-3887;803;-3084;-4690;-3121261;-5.0;-3086
-1151;-1237;-2388;86;1423787;0.0;170
5532;-669;4863;6201;-3700908;-9.0;-5889
9406;-1625;7781;11031;-15284750;-6.0;-8935
-4023;-2063;-6086;-1960;8299449;1.0;1976
-1715;4418;2703;-6133;-7576870;-1.0;-6129
4434;-4266;168;8700;-18915444;-2.0;-508
-8214;-2869;-11083;-5345;23565966;2.0;11041
-8443;8418;-25;-16861;-71073174;-2.0;-25
1711;-9486;-7775;11197;-16230546;-1.0;-9123
841;1546;2387;-705;1300186;0.0;1347
3915;5408;9323;-1493;21172320;0.0;6763
4002;5666;9668;-1664;22675332;0.0;6528
5702;-6188;-486;11890;-35283976;-1.0;-3694
9027;8715;17742;312;78670305;1.0;328
-7116;7059;-57;-14175;-50231844;-2.0;-89
3393;5790;9183;-2397;19645470;0.0;7135
5551;5341;10892;210;29647891;1.0;370
-5998;850;-5148;-6848;-5098300;-8.0;-5184
-7793;-460;-8253;-7333;3584780;16.0;8123
4762;3943;8705;819;18776566;1.0;7677
-8643;1848;-6795;-10491;-15972264;-5.0;-9979
9153;4736;13889;4417;43348608;1.0;12609
-131;-8201;-8332;8070;1074331;0.0;8330
-7742;8294;552;-16036;-64212148;-1.0;-15964
6398;-1578;4820;7976;-10096044;-5.0;-7896
4830;8100;12930;-3270;39123000;0.0;3450
-4951;5944;993;-10895;-29428744;-1.0;-1135
-2650;2846;196;-5496;-7541900;-1.0;-328
6002;6307;12309;-305;37854614;0.0;4049
5177;1027;6204;4150;5316779;5.0;4154
-8520;-5568;-14088;-2952;47439360;1.0;13560
5224;7077;12301;-1853;36970248;0.0;4045
-8657;9405;748;-18062;-81419085;-1.0;-1390
6648;-300;6348;6948;-1994400;-23.0;-6356
7934;646;8580;7288;5125364;12.0;7288
-4304;7319;3015;-11623;-31500976;-1.0;-3161
-956;5875;4919;-6831;-5616500;-1.0;-5449
2303;6100;8403;-3797;14048300;0.0;7979
4325;-5324;-999;9649;-23026300;-1.0;-1071
-9976;2071;-7905;-12047;-20660296;-5.0;-12001
-4168;8090;3922;-12258;-33719120;-1.0;-4062
-1802;-3536;-5338;1734;6371872;0.0;2758
-9313;8182;-1131;-17495;-76198966;-2.0;-15255
6802;8739;15541;-1937;59442678;0.0;14513
-3135;-6295;-9430;3160;19734825;0.0;5288
-1322;2482;1160;-3804;-3281204;-1.0;-3228
3033;-1582;1451;4615;-4798206;-2.0;-3573
5885;4040;9925;1845;23775400;1.0;6453
8782;8162;16944;620;71678684;1.0;15788
4836;-3405;1431;8241;-16466580;-2.0;-8105
-7600;9746;2146;-17346;-74069600;-1.0;-15294
7187;-9589;-2402;16776;-68916143;-1.0;-14696
-5628;-8971;-14599;3343;50488788;0.0;14065
7506;-6580;926;14086;-49389480;-2.0;-1250
1996;4101;6097;-2105;8185596;0.0;6089
6361;1068;7429;5293;6793548;5.0;7413
-9916;-332;-10248;-9584;3292112;29.0;10224
7067;1617;8684;5450;11427339;4.0;7626
-2720;-7082;-9802;4362;19263040;0.0;4406
5504;-5978;-474;11482;-32902912;-1.0;-730
-423;7194;6771;-7617;-3043062;-1.0;-7613
-4678;-1359;-6037;-3319;6357402;3.0;5899
-5943;-9574;-15517;3631;56898282;0.0;12883
-8234;-8477;-16711;243;69799618;0.0;309
8210;8690;16900;-480;71344900;0.0;480
783;-2780;-1997;3563;-2176740;-1.0;-2517
-2650;2837;187;-5487;-7518050;-1.0;-333
3301;4791;8092;-1490;15815091;0.0;7762
6720;6806;13526;-86;45736320;0.0;214
-772;4103;3331;-4875;-3167516;-1.0;-4869
-8020;-4405;-12425;-3615;35328100;1.0;3687
-1158;2048;890;-3206;-2371584;-1.0;-3206
-5035;-5813;-10848;778;29268455;0.0;1310
-3829;-9383;-13212;5554;35927507;0.0;10834
-9830;418;-9412;-10248;-4108940;-24.0;-10184
1575;2021;3596;-446;3183075;0.0;450
9968;4937;14905;5031;49212016;2.0;13753
9461;5150;14611;4311;48724150;1.0;12523
-5685;-9910;-15595;4225;56338350;0.0;12417
-3085;9022;5937;-12107;-27832870;-1.0;-12083
-1435;7128;5693;-8563;-10228680;-1.0;-7747
3169;-7722;-4553;10891;-24471018;-1.0;-4681
-977;-1655;-2632;678;1616935;0.0;1446
4587;-7955;-3368;12542;-36489585;-1.0;-3834
-3149;-3419;-6568;270;10766431;0.0;278
8993;3483;12476;5510;31322619;2.0;11962
-9178;7604;-1574;-16782;-69789512;-2.0;-15982
-3520;7826;4306;-11346;-27547520;-1.0;-4910
-4766;1730;-3036;-6496;-8245180;-3.0;-5216
-2696;-9017;-11713;6321;24309832;0.0;10687
3370;3476;6846;-106;11714120;0.0;190
9608;-621;8987;10229;-5966568;-16.0;-10213
724;-6597;-5873;7321;-4776228;-1.0;-6929
5738;6670;12408;-932;38272460;0.0;3172
8818;-7029;1789;15847;-61981722;-2.0;-14599
8734;-1870;6864;10604;-16332580;-5.0;-9556
5015;-2782;2233;7797;-13951730;-2.0;-6475
4366;-1992;2374;6358;-8697072;-3.0;-5834
