a;b;sum;difference;product;quotient;xor
0;0;0;0;0;;0
0;1;1;-1;0;0.0;1
1;0;1;1;0;inf;1
0;-1;-1;1;0;0.0;-1
-1;0;-1;-1;0;-inf;-1
1;1;2;0;1;1.0;0
-1;-1;-2;0;1;1.0;0
-8635;9660;1025;-18295;-83414100;-1.0;-1031
-3487;-5042;-8529;1555;17581454;0.0;7727
961;-7522;-6561;8483;-7228642;-1.0;-7841
-5003;-6598;-11601;1595;33009794;0.0;2639
3659;2617;6276;1042;9575603;1.0;1138
-6552;8737;2185;-15289;-57244824;-1.0;-15287
8189;2239;10428;5950;18335171;3.0;5954
9101;9379;18480;-278;85358279;0.0;1838
-589;6646;6057;-7235;-3914494;-1.0;-7099
4063;-9590;-5527;13653;-38964170;-1.0;-10923
-6909;-8036;-14945;1127;55520724;0.0;1439
-2679;-586;-3265;-2093;1569894;4.0;2111
-4865;-4435;-9300;-430;21576275;1.0;594
-7281;751;-6530;-8032;-5468031;-10.0;-7840
-3805;8776;4971;-12581;-33392680;-1.0;-11413
6616;-4126;2490;10742;-27297616;-2.0;-2502
9422;5592;15014;3830;52687824;1.0;12566
3939;-5351;-1412;9290;-21077589;-1.0;-7046
-2825;4907;2082;-7732;-13862275;-1.0;-6180
4022;5369;9391;-1347;21594118;0.0;6991
8168;9683;17851;-1515;79090744;0.0;14907
4262;-9017;-4755;13279;-38430454;-1.0;-13215
7616;-1540;6076;9156;-11728640;-5.0;-7108
1664;-5235;-3571;6899;-8711040;-1.0;-4851
4930;-4218;712;9148;-20794740;-2.0;-828
927;-8912;-7985;9839;-8261424;-1.0;-8529
8693;9885;18578;-1192;85930305;0.0;1896
-9413;-4698;-14111;-4715;44222274;2.0;13981
9738;-6280;3458;16018;-61154640;-2.0;-16014
-2384;8023;5639;-10407;-19126832;-1.0;-5657
1771;-1548;223;3319;-2741508;-2.0;-225
6999;8595;15594;-1596;60156405;0.0;15044
-6668;3437;-3231;-10105;-22917916;-2.0;-5991
-6928;8647;1719;-15575;-59906416;-1.0;-15049
-2854;5525;2671;-8379;-15768350;-1.0;-7857
8157;9547;17704;-1390;77874879;0.0;14998
-7165;-1339;-8504;-5826;9593935;5.0;7878
4785;2774;7559;2011;13273590;1.0;6247
5834;9737;15571;-3903;56805658;0.0;12483
748;-4102;-3354;4850;-3068296;-1.0;-4842
517;5812;6329;-5295;3004804;0.0;5297
92;9951;10043;-9859;915492;0.0;9859
1961;8747;10708;-6786;17152867;0.0;9602
4599;7571;12170;-2972;34819029;0.0;3172
8270;4929;13199;3341;40762830;1.0;13071
-7797;9005;1208;-16802;-70211985;-1.0;-15706
-5293;506;-4787;-5799;-2678258;-11.0;-5463
4589;3773;8362;816;17314297;1.0;8016
3488;5603;9091;-2115;19543264;0.0;6211
-1157;-3990;-5147;2833;4616430;0.0;2833
-976;2708;1732;-3684;-2643008;-1.0;-2396
-5594;-3800;-9394;-1794;21257200;1.0;6926
-7810;-5821;-13631;-1989;45462010;1.0;2109
-7599;-1511;-9110;-6088;11482089;5.0;6216
7715;6333;14048;1382;48859095;1.0;1694
6481;8896;15377;-2415;57654976;0.0;15249
-1066;6164;5098;-7230;-6570824;-1.0;-7230
8635;-8868;-233;17503;-76575180;-1.0;-793
-5162;-9909;-15071;4747;51150258;0.0;12957
-6624;8293;1669;-14917;-54932832;-1.0;-14779
-8899;289;-8610;-9188;-2571811;-31.0;-9188
-2534;34;-2500;-2568;-86156;-75.0;-2504
-677;-4978;-5655;4301;3370106;0.0;4565
-6167;4154;-2013;-10321;-25617718;-2.0;-2093
1758;2102;3860;-344;3695316;0.0;3816
-3396;-2958;-6354;-438;10045368;1.0;1742
-5634;1951;-3683;-7585;-10991934;-3.0;-4511
3153;1242;4395;1911;3916026;2.0;2187
2932;3972;6904;-1040;11645904;0.0;1264
2669;1214;3883;1455;3240166;2.0;3795
-2193;7331;5138;-9524;-16076883;-1.0;-5172
8126;-8384;-258;16510;-68128384;-1.0;-16130
-3612;5845;2233;-9457;-21112140;-1.0;-6351
4554;-3843;711;8397;-17501022;-2.0;-7881
-8048;3357;-4691;-11405;-27017136;-3.0;-4723
-1094;-8686;-9780;7592;9502484;0.0;9640
-4883;-7162;-12045;2279;34972046;0.0;2283
-97;821;724;-918;-79637;-1.0;-854
-6544;5;-6539;-6549;-32720;-1309.0;-6539
6054;5974;12028;80;36166596;1.0;240
-9961;3429;-6532;-13390;-34156269;-3.0;-11150
-6038;-1195;-7233;-4843;7215410;5.0;4927
6157;-8617;-2460;14774;-53054869;-1.0;-14758
-7054;-2528;-9582;-4526;17832512;2.0;4690
-8887;-4662;-13549;-4225;41431194;1.0;12419
5454;6459;11913;-1005;35227386;0.0;3189
9286;-2579;6707;11865;-23948594;-4.0;-11861
5803;9711;15514;-3908;56352933;0.0;13124
-5309;-7235;-12544;1926;38410615;0.0;2302
-7858;9130;1272;-16988;-71743540;-1.0;-15644
3481;4452;7933;-971;15497412;0.0;7421
9534;3249;12783;6285;30975966;2.0;10639
-1394;6005;4611;-7399;-8370970;-1.0;-4613
-3537;3684;147;-7221;-13030308;-1.0;-949
-3573;-7290;-10863;3717;26047170;0.0;4493
-7607;-1431;-9038;-6176;10885617;5.0;6176
-1036;-5003;-6039;3967;5183108;0.0;6017
-9204;5484;-3720;-14688;-50474736;-2.0;-13984
-432;911;479;-1343;-393552;-1.0;-545
-8317;-2459;-10776;-5858;20451503;3.0;10726
-5744;-4421;-10165;-1323;25394224;1.0;1835
-7921;5863;-2058;-13784;-46440823;-2.0;-2072
41;4636;4677;-4595;190076;0.0;4661
-405;9150;8745;-9555;-3705750;-1.0;-8747
4708;-6288;-1580;10996;-29603904;-1.0;-2796
-4370;-3937;-8307;-433;17204690;1.0;7793
-198;-537;-735;339;106326;0.0;733
6681;-1351;5330;8032;-9026031;-5.0;-8032
-4339;6028;1689;-10367;-26155492;-1.0;-1919
3461;7620;11081;-4159;26372820;0.0;4161
118;-1951;-1833;2069;-230218;-1.0;-2025
-573;-2009;-2582;1436;1151157;0.0;1508
7357;-1517;5840;8874;-11160569;-5.0;-6482
-5572;-5345;-10917;-227;29782340;1.0;291
-9400;-7598;-16998;-1802;71421200;1.0;14618
-3501;-5670;-9171;2169;19850670;0.0;7049
3507;6106;9613;-2599;21413742;0.0;6761
6409;-4437;1972;10846;-28436733;-2.0;-2142
-7510;-2592;-10102;-4918;19465920;2.0;5962
9255;-7761;1494;17016;-71828055;-2.0;-14968
-9929;5422;-4507;-15351;-53835038;-2.0;-13287
-717;-8717;-9434;8000;6250089;0.0;8384
-6182;8252;2070;-14434;-51013864;-1.0;-14362
658;4755;5413;-4097;3128790;0.0;4097
-8620;-7678;-16298;-942;66184360;1.0;15446
8814;-3820;4994;12634;-33669480;-3.0;-11398
-284;-523;-807;239;148532;0.0;785
-6122;-5280;-11402;-842;32324160;1.0;886
-9440;-8838;-18278;-602;83430720;1.0;1626
-1685;3566;1881;-5251;-6008710;-1.0;-2939
2636;7735;10371;-5099;20389460;0.0;5243
-5136;1311;-3825;-6447;-6733296;-4.0;-4369
4155;-4619;-464;8774;-19191945;-1.0;-562
4455;-8486;-4031;12941;-37805130;-1.0;-12355
-1246;5181;3935;-6427;-6455526;-1.0;-4321
-8619;-9877;-18496;1258;85129863;0.0;1854
-2322;-2411;-4733;89;5598342;0.0;123
9035;4724;13759;4311;42681340;1.0;12607
1476;8473;9949;-6997;12506148;0.0;9437
-9245;3745;-5500;-12990;-34622525;-3.0;-10942
-6430;6552;122;-12982;-42129360;-1.0;-134
1660;-5162;-3502;6822;-8568920;-1.0;-4694
1739;-2895;-1156;4634;-5034405;-1.0;-3462
-4790;6988;2198;-11778;-33472520;-1.0;-2554
-6905;-7130;-14035;225;49232650;0.0;289
5631;-3217;2414;8848;-18114927;-2.0;-6512
-4685;-7498;-12183;2813;35128130;0.0;3845
8151;-7722;429;15873;-62942022;-2.0;-511
-875;-1531;-2406;656;1339625;0.0;1680
-3219;-9833;-13052;6614;31652427;0.0;11002
-8857;1386;-7471;-10243;-12275802;-7.0;-10227
-7567;50;-7517;-7617;-378350;-152.0;-7613
6488;3475;9963;3013;22545800;1.0;5323
-320;1666;1346;-1986;-533120;-1.0;-1982
3524;1688;5212;1836;5948512;2.0;2908
3998;-1538;2460;5536;-6148924;-3.0;-2464
5312;-4566;746;9878;-24254592;-2.0;-1302
5517;8071;13588;-2554;44527707;0.0;2570
-4125;1389;-2736;-5514;-5729625;-3.0;-5490
-4526;-3249;-7775;-1277;14704974;1.0;7453
7640;-967;6673;8607;-7387880;-8.0;-7711
9249;7071;16320;2178;65399679;1.0;16318
-327;9394;9067;-9721;-3071838;-1.0;-9717
5003;-4267;736;9270;-21347801;-2.0;-802
8316;5660;13976;2656;47068560;1.0;13920
7600;-308;7292;7908;-2340800;-25.0;-7300
3457;2950;6407;507;10198150;1.0;1543
-5186;9746;4560;-14932;-50542756;-1.0;-12884
-8388;-8333;-16721;-55;69897204;1.0;79
1898;2914;4812;-1016;5530772;0.0;3080
-562;5038;4476;-5600;-2831356;-1.0;-4512
-7325;-44;-7369;-7281;322300;166.0;7351
-2258;5009;2751;-7267;-11310322;-1.0;-6977
-9166;-1988;-11154;-7178;18222008;4.0;9230
4942;-7211;-2269;12153;-35636762;-1.0;-3941
-1504;-5470;-6974;3966;8226880;0.0;4226
-2104;-6140;-8244;4036;12918560;0.0;8140
-8025;-9461;-17486;1436;75924525;0.0;15276
2126;-3516;-1390;5642;-7475016;-1.0;-1526
-4474;1605;-2869;-6079;-7180770;-3.0;-5949
-505;-9412;-9917;8907;4753060;0.0;9531
8037;1145;9182;6892;9202365;7.0;6940
-3551;-900;-4451;-2651;3195900;3.0;3677
6899;-9695;-2796;16594;-66885805;-1.0;-16174
-835;-6179;-7014;5344;5159465;0.0;7008
1318;5021;6339;-3703;6617678;0.0;5819
-920;-6211;-7131;5291;5714120;0.0;7125
-1749;578;-1171;-2327;-1010922;-4.0;-1175
3575;-2858;717;6433;-10217350;-2.0;-1759
-2720;-4041;-6761;1321;10991520;0.0;1367
-8495;-8935;-17430;440;75902825;0.0;968
3305;6987;10292;-3682;23092035;0.0;6050
-4983;3033;-1950;-8016;-15113439;-2.0;-6320
6081;-5109;972;11190;-31067829;-2.0;-1078
8781;-1984;6797;10765;-17421504;-5.0;-9715
8373;340;8713;8033;2846820;24.0;8673
-624;2592;1968;-3216;-1617408;-1.0;-2128
-4541;-6282;-10823;1741;28526562;0.0;2357
7392;-3707;3685;11099;-27402144;-2.0;-4763
-5025;-7724;-12749;2699;38813100;0.0;3467
4711;-7907;-3196;12618;-37249877;-1.0;-3206
-5009;3737;-1272;-8746;-18718633;-2.0;-7434
-3809;-7889;-11698;4080;30049201;0.0;4144
-6176;-414;-6590;-5762;2556864;14.0;6530
-42;-9647;-9689;9605;405174;0.0;9607
8435;-7146;1289;15581;-60276510;-2.0;-15131
-3376;8344;4968;-11720;-28169344;-1.0;-11704
5276;-6924;-1648;12200;-36531024;-1.0;-3992
6438;-6408;30;12846;-41254704;-2.0;-34
-5007;-6215;-11222;1208;31118505;0.0;3016
-6015;-3638;-9653;-2377;21882570;1.0;6475
3683;-7160;-3477;10843;-26370280;-1.0;-5525
5431;-3705;1726;9136;-20121855;-2.0;-6992
1944;-7066;-5122;9010;-13736304;-1.0;-7170
1565;9513;11078;-7948;14887845;0.0;9012
1548;-7338;-5790;8886;-11359224;-1.0;-6822
6189;-1511;4678;7700;-9351579;-5.0;-7628
9294;-4211;5083;13505;-39137034;-3.0;-13373
9673;7465;17138;2208;72208945;1.0;14560
5595;7258;12853;-1663;40608510;0.0;2433
-7390;930;-6460;-8320;-6872700;-8.0;-8064
-1675;-7706;-9381;6031;12907550;0.0;6291
8850;4010;12860;4840;35488500;2.0;11576
-9724;-4329;-14053;-5395;42095196;2.0;13587
9747;4696;14443;5051;45771912;2.0;13387
-701;-6898;-7599;6197;4835498;0.0;6221
108;-3566;-3458;3674;-385128;-1.0;-3458
8140;2992;11132;5148;24354880;2.0;5244
3587;5538;9125;-1951;19864806;0.0;7073
-6453;2328;-4125;-8781;-15022584;-3.0;-4141
2599;-4049;-1450;6648;-10523351;-1.0;-1528
4587;5486;10073;-899;25164282;0.0;1157
-5324;-1012;-6336;-4312;5387888;5.0;5944
7999;-4385;3614;12384;-35075615;-2.0;-3616
9393;-7108;2285;16501;-66765444;-2.0;-16243
757;-1233;-476;1990;-933381;-1.0;-1574
-5415;6674;1259;-12089;-36139710;-1.0;-3893
-3030;-8990;-12020;5960;27239700;0.0;10440
-4331;5215;884;-9546;-22586165;-1.0;-1206
7700;7746;15446;-46;59644200;0.0;86
9964;7676;17640;2288;76483664;1.0;15120
-8032;-3291;-11323;-4741;26433312;2.0;4997
-9456;4084;-5372;-13540;-38618304;-3.0;-11036
-9457;6316;-3141;-15773;-59730412;-2.0;-15453
476;-7346;-6870;7822;-3496696;-1.0;-7534
-6656;-7152;-13808;496;47603712;0.0;528
-8140;-4659;-12799;-3481;37924260;1.0;3577
5624;-6053;-429;11677;-34042072;-1.0;-605
9675;-6815;2860;16490;-65935125;-2.0;-16214
-7376;-2001;-9377;-5375;14759376;3.0;6943
1939;4779;6718;-2840;9266481;0.0;5432
-8544;-8368;-16912;-176;71496192;1.0;496
5428;1432;6860;3996;7772896;3.0;4268
-6585;9122;2537;-15707;-60068370;-1.0;-14875
584;-5096;-4512;5680;-2976064;-1.0;-4528
-3030;-3908;-6938;878;11841240;0.0;1174
6778;-6147;631;12925;-41664366;-2.0;-633
6482;2696;9178;3786;17475472;2.0;5082
2446;-4066;-1620;6512;-9945436;-1.0;-1648
-3288;-7363;-10651;4075;24209544;0.0;4117
9944;234;10178;9710;2326896;42.0;9778
-5530;9357;3827;-14887;-51744210;-1.0;-12565
-1579;9890;8311;-11469;-15616310;-1.0;-8329
2551;-8097;-5546;10648;-20655447;-1.0;-5720
8416;2421;10837;5995;20375136;3.0;10645
-2525;-7781;-10306;5256;19647025;0.0;6072
-6730;908;-5822;-7638;-6110840;-8.0;-6598
8820;-508;8312;9328;-4480560;-18.0;-9104
517;-3706;-3189;4223;-1916002;-1.0;-3197
1540;-1523;17;3063;-2345420;-2.0;-1015
-4315;-1572;-5887;-2743;6783180;2.0;5881
1067;-416;651;1483;-443872;-3.0;-1461
-4727;2693;-2034;-7420;-12729811;-2.0;-6388
-9600;7848;-1752;-17448;-75340800;-2.0;-15320
-9930;2497;-7433;-12427;-24795210;-4.0;-12041
-4382;-7691;-12073;3309;33701962;0.0;3863
-1977;4144;2167;-6121;-8192688;-1.0;-6025
-5461;-835;-6296;-4626;4559935;6.0;5654
-6835;4124;-2711;-10959;-28187540;-2.0;-2735
3371;7030;10401;-3659;23698130;0.0;5725
8229;-1409;6820;9638;-11594661;-6.0;-9638
-7948;6010;-1938;-13958;-47767480;-2.0;-2162
-5383;9624;4241;-15007;-51805992;-1.0;-12447
-9601;-4230;-13831;-5371;40612230;2.0;13573
-2713;3150;437;-5863;-8545950;-1.0;-1751
7535;7455;14990;80;56173425;1.0;112
8254;3013;11267;5241;24869302;2.0;11259
-3002;2608;-394;-5610;-7829216;-2.0;-394
7688;-5453;2235;13141;-41922664;-2.0;-2885
-3313;9656;6343;-12969;-31990328;-1.0;-10569
-7999;-194;-8193;-7805;1551806;41.0;8191
-1676;7909;6233;-9585;-13255484;-1.0;-6255
-5621;-2725;-8346;-2896;15317225;2.0;8016
-3428;-240;-3668;-3188;822720;14.0;3468
-6278;-9483;-15761;3205;59534274;0.0;15759
-356;-5690;-6046;5334;2025640;0.0;5978
-8011;9720;1709;-17731;-77866920;-1.0;-15027
3535;4444;7979;-909;15709540;0.0;7315
-2781;-457;-3238;-2324;1270917;6.0;2836
-988;5694;4706;-6682;-5625672;-1.0;-5606
-1234;7017;5783;-8251;-8658978;-1.0;-8121
4351;5843;10194;-1492;25422893;0.0;1580
3380;-9307;-5927;12687;-31457660;-1.0;-10607
4889;7983;12872;-3094;39028887;0.0;3126
1773;-4341;-2568;6114;-7696593;-1.0;-5658
-3573;-950;-4523;-2623;3394350;3.0;3649
-5203;3523;-1680;-8726;-18330169;-2.0;-6546
-886;-4072;-4958;3186;3607792;0.0;3218
-4147;-1389;-5536;-2758;5760183;2.0;5470
509;-8049;-7540;8558;-4096941;-1.0;-7822
2409;-6684;-4275;9093;-16101756;-1.0;-4979
-5092;-7512;-12604;2420;38251104;0.0;3764
3866;2784;6650;1082;10762944;1.0;1530
-1368;1088;-280;-2456;-1488384;-2.0;-280
6554;-1587;4967;8141;-10401198;-5.0;-8105
-4602;730;-3872;-5332;-3359460;-7.0;-4900
-4091;2561;-1530;-6652;-10477051;-2.0;-1532
9446;-7054;2392;16500;-66632084;-2.0;-16236
3410;2881;6291;529;9824210;1.0;1555
-5685;-4321;-10006;-1364;24564885;1.0;1748
2370;-3464;-1094;5834;-8209680;-1.0;-1222
-4882;-7962;-12844;3080;38870484;0.0;3080
-2913;-4013;-6926;1100;11689869;0.0;1228
-7865;1561;-6304;-9426;-12277265;-6.0;-6306
-5905;-3589;-9494;-2316;21193045;1.0;6420
9784;4782;14566;5002;46787088;2.0;13462
-416;4923;4507;-5339;-2047968;-1.0;-4773
3499;-7957;-4458;11456;-27841543;-1.0;-4800
8284;3292;11576;4992;27270928;2.0;11392
3710;-6025;-2315;9735;-22352750;-1.0;-6647
-2432;-3080;-5512;648;7490560;0.0;1400
3665;3171;6836;494;11621715;1.0;562
4886;-5939;-1053;10825;-29017954;-1.0;-1061
-5843;-4460;-10303;-1383;26059780;1.0;1977
-4268;-2692;-6960;-1576;11489456;1.0;6696
5204;2326;7530;2878;12104504;2.0;7490
6437;-822;5615;7259;-5291214;-8.0;-6673
55;-5075;-5020;5130;-279125;-1.0;-5094
8108;-5775;2333;13883;-46823700;-2.0;-2339
-8648;-4714;-13362;-3934;40766672;1.0;13230
-3258;1251;-2007;-4509;-4075758;-3.0;-2139
4142;-5854;-1712;9996;-24247268;-1.0;-1780
1613;4342;5955;-2729;7003646;0.0;5819
-2267;-1356;-3623;-911;3074052;1.0;3473
-4680;387;-4293;-5067;-1811160;-13.0;-5061
6077;8726;14803;-2649;53027902;0.0;13739
8208;2842;11050;5366;23327136;2.0;11018
7284;2239;9523;5045;16308876;3.0;5323
4156;-6832;-2676;10988;-28393792;-1.0;-2708
8724;4963;13687;3761;43297212;1.0;12663
2528;-2081;447;4609;-5260768;-2.0;-449
-395;3004;2609;-3399;-1186580;-1.0;-2615
3124;-9353;-6229;12477;-29218772;-1.0;-10429
9186;-840;8346;10026;-7716240;-11.0;-8358
-9968;-5340;-15308;-4628;53229120;1.0;12852
2650;-2168;482;4818;-5745200;-2.0;-558
-3260;-6822;-10082;3562;22239720;0.0;5662
-6146;-3891;-10037;-2255;23914086;1.0;5939
-6827;-9041;-15868;2214;61722907;0.0;14842
5946;-7463;-1517;13409;-44374998;-1.0;-2589
6050;-4731;1319;10781;-28622550;-2.0;-1497
2861;6549;9410;-3688;18736689;0.0;4792
-1113;-68;-1181;-1045;75684;16.0;1051
-2056;1382;-674;-3438;-2841392;-2.0;-3426
-2163;846;-1317;-3009;-1829898;-3.0;-2877
-3686;-1320;-5006;-2366;4865520;2.0;2882
-5453;9778;4325;-15231;-53319434;-1.0;-13183
-8686;-5032;-13718;-3654;43707952;1.0;12874
-4406;3549;-857;-7955;-15636894;-2.0;-7401
2372;482;2854;1890;1143304;4.0;2214
-9971;-3055;-13026;-6916;30461405;3.0;11548
1906;6099;8005;-4193;11624694;0.0;4257
-3546;-9481;-13027;5935;33619626;0.0;10449
7976;667;8643;7309;5319992;11.0;7603
-6025;-2429;-8454;-3596;14634725;2.0;7924
-3729;9249;5520;-12978;-34489521;-1.0;-10930
-7892;8442;550;-16334;-66624264;-1.0;-15914
-7032;-7333;-14365;301;51565656;0.0;2003
-9224;1272;-7952;-10496;-11732928;-8.0;-8448
7010;-8215;-1205;15225;-57587150;-1.0;-15221
4915;228;5143;4687;1120620;21.0;5079
-592;8158;7566;-8750;-4829536;-1.0;-7570
8639;-2386;6253;11025;-20612654;-4.0;-10479
5071;7133;12204;-2062;36171443;0.0;2066
7851;-3258;4593;11109;-25578558;-3.0;-4627
9449;-2768;6681;12217;-26154832;-4.0;-11815
8924;-6403;2521;15327;-57140372;-2.0;-15327
-9814;-1196;-11010;-8618;11737544;8.0;8958
7647;7572;15219;75;57903084;1.0;75
8223;2090;10313;6133;17186070;3.0;10293
-4519;8913;4394;-13432;-40277847;-1.0;-13176
-6593;1960;-4633;-8553;-12922280;-4.0;-7785
3923;-9407;-5484;13330;-36903661;-1.0;-11246
-67;9740;9673;-9807;-652580;-1.0;-9807
-3004;5073;2069;-8077;-15239292;-1.0;-6251
-8360;8292;-68;-16652;-69321120;-2.0;-196
4207;-3734;473;7941;-15708938;-2.0;-7931
1748;2832;4580;-1084;4950336;0.0;3524
-2316;2310;-6;-4626;-5349960;-2.0;-14
-4291;7141;2850;-11432;-30642031;-1.0;-2856
-6091;-1077;-7168;-5014;6560007;5.0;5118
3819;-4792;-973;8611;-18300648;-1.0;-7261
-1391;-6441;-7832;5050;8959431;0.0;7238
-6451;-3292;-9743;-3159;21236692;1.0;5609
3195;1907;5102;1288;6092865;1.0;2824
-5036;-4896;-9932;-140;24656256;1.0;180
6900;-7154;-254;14054;-49362600;-1.0;-262
-942;-5022;-5964;4080;4730724;0.0;4144
4167;4237;8404;-70;17655579;0.0;202
1791;-3216;-1425;5007;-5759856;-1.0;-2673
-3235;7210;3975;-10445;-23324350;-1.0;-4233
2078;9280;11358;-7202;19283840;0.0;11358
9615;-5946;3669;15561;-57170790;-2.0;-12983
-693;-731;-1424;38;506583;0.0;110
-4597;-9170;-13767;4573;42154490;0.0;12837
7984;1421;9405;6563;11345264;5.0;6845
1773;3452;5225;-1679;6120396;0.0;2961
336;-3306;-2970;3642;-1110816;-1.0;-3514
1325;-454;871;1779;-601550;-3.0;-1257
-8461;-434;-8895;-8027;3672074;19.0;8381
-8450;9390;940;-17840;-79345500;-1.0;-1456
1480;-2453;-973;3933;-3630440;-1.0;-3165
787;-400;387;1187;-314800;-2.0;-669
9602;-7955;1647;17557;-76383910;-2.0;-14993
-9425;-2965;-12390;-6460;27945125;3.0;12100
-1666;-4402;-6068;2736;7333732;0.0;6064
-7344;-7583;-14927;239;55689552;0.0;305
-9184;-1920;-11104;-7264;17633280;4.0;9376
399;-6719;-6320;7118;-2680881;-1.0;-7090
-407;3448;3041;-3855;-1403336;-1.0;-3311
4267;1493;5760;2774;6370631;2.0;5502
-9209;7434;-1775;-16643;-68459706;-2.0;-16115
5194;-9751;-4557;14945;-50646694;-1.0;-12893
-9867;3039;-6828;-12906;-29985813;-4.0;-11606
-7730;-2771;-10501;-4959;21419830;2.0;5347
-5284;-522;-5806;-4762;2758248;10.0;5802
-564;4149;3585;-4713;-2340036;-1.0;-4615
-9434;8009;-1425;-17443;-75556906;-2.0;-15249
-7945;-2841;-10786;-5104;22571745;2.0;5136
6508;9342;15850;-2834;60797736;0.0;15634
470;2175;2645;-1705;1022250;0.0;2473
9542;-3966;5576;13508;-37843572;-3.0;-10812
9706;8148;17854;1558;79084488;1.0;14910
-6447;2051;-4396;-8498;-13222797;-4.0;-4398
-6863;-1246;-8109;-5617;8551298;5.0;7699
3215;9285;12500;-6070;29851275;0.0;10442
-8158;3047;-5111;-11205;-24857426;-3.0;-5179
3351;2592;5943;759;8685792;1.0;1847
-4800;-1722;-6522;-3078;8265600;2.0;5126
9136;-1510;7626;10646;-13795360;-7.0;-9814
-3866;-3396;-7262;-470;13128936;1.0;602
-4450;-1757;-6207;-2693;7818650;2.0;6077
-9523;-5807;-15330;-3716;55300061;1.0;13212
1667;-1028;639;2695;-1713676;-2.0;-641
9720;5257;14977;4463;51098040;1.0;12657
-1563;-7400;-8963;5837;11566200;0.0;6909
3561;743;4304;2818;2645823;4.0;3854
-5212;3593;-1619;-8805;-18726716;-2.0;-6739
8375;2473;10848;5902;20711375;3.0;10526
7755;-3097;4658;10852;-24017235;-3.0;-4692
23;3593;3616;-3570;82639;0.0;3614
-9284;2069;-7215;-11353;-19208596;-5.0;-11351
2482;2012;4494;470;4993784;1.0;3694
-3939;-2913;-6852;-1026;11474307;1.0;1026
-9578;3686;-5892;-13264;-35304508;-3.0;-11024
906;5324;6230;-4418;4823544;0.0;5958
-8117;-265;-8382;-7852;2151005;30.0;7868
-6753;-3271;-10024;-3482;22089063;2.0;5798
-3970;5045;1075;-9015;-20028650;-1.0;-7221
-1141;9405;8264;-10546;-10731105;-1.0;-8394
-2846;-8896;-11742;6050;25318016;0.0;10658
-6458;-3675;-10133;-2783;23733150;1.0;5987
1658;-8627;-6969;10285;-14303566;-1.0;-10185
-3139;1267;-1872;-4406;-3977113;-3.0;-2226
-5191;6475;1284;-11666;-33611725;-1.0;-3342
7181;-4691;2490;11872;-33686071;-2.0;-3680
2208;1850;4058;358;4084800;1.0;3994
5424;-5507;-83;10931;-29869968;-1.0;-179
8523;3714;12237;4809;31654422;2.0;12233
3660;-5183;-1523;8843;-18969780;-1.0;-6771
-8823;317;-8506;-9140;-2796891;-28.0;-9036
-2068;6580;4512;-8648;-13607440;-1.0;-4520
531;-34;497;565;-18054;-16.0;-563
-6307;-4945;-11252;-1362;31188115;1.0;3058
145;-4948;-4803;5093;-717460;-1.0;-5059
-4313;-6541;-10854;2228;28211333;0.0;2388
-2111;-8925;-11036;6814;18840675;0.0;10978
-3377;1505;-1872;-4882;-5082385;-3.0;-2258
5542;-9778;-4236;15320;-54189676;-1.0;-13208
3374;1760;5134;1614;5938240;1.0;3022
-2002;5266;3264;-7268;-10542532;-1.0;-4932
1904;-178;1726;2082;-338912;-11.0;-1986
5603;1656;7259;3947;9278568;3.0;5019
6529;8231;14760;-1702;53740199;0.0;14758
-3698;4893;1195;-8591;-18094314;-1.0;-7533
8068;-1364;6704;9432;-11004752;-6.0;-6872
6513;-7196;-683;13709;-46867548;-1.0;-1387
-7896;5239;-2657;-13135;-41367144;-2.0;-2721
1313;-8021;-6708;9334;-10531573;-1.0;-6774
-6419;-7358;-13777;939;47231002;0.0;1455
2900;6682;9582;-3782;19377800;0.0;4430
1248;-6769;-5521;8017;-8447712;-1.0;-7825
8011;-33;7978;8044;-264363;-243.0;-8044
-4984;-8586;-13570;3602;42792624;0.0;13054
-1163;-2881;-4044;1718;3350603;0.0;4042
7377;9833;17210;-2456;72538041;0.0;15032
-3430;84;-3346;-3514;-288120;-41.0;-3378
-570;-5200;-5770;4630;2964000;0.0;5750
3592;-1898;1694;5490;-6817616;-2.0;-2402
9093;-2291;6802;11384;-20832063;-4.0;-11128
9483;-4659;4824;14142;-44181297;-3.0;-14138
-1144;-7821;-8965;6677;8947224;0.0;6907
-396;-2195;-2591;1799;869220;0.0;2329
-7026;-5396;-12422;-1630;37912296;1.0;3682
-6153;-507;-6660;-5646;3119571;12.0;6642
-9101;-1250;-10351;-7851;11376250;7.0;10093
-7351;9758;2407;-17109;-71731058;-1.0;-15017
-4745;-3430;-8175;-1315;16275350;1.0;8173
8607;154;8761;8453;1325478;55.0;8453
-3794;8646;4852;-12440;-32802924;-1.0;-12056
3028;7732;10760;-4704;23412496;0.0;5600
-3845;-1284;-5129;-2561;4936980;2.0;2567
8126;8936;17062;-810;72613936;0.0;15702
3297;8222;11519;-4925;27107934;0.0;11519
9759;3392;13151;6367;33102528;2.0;11103
-4318;-742;-5060;-3576;3203956;5.0;4664
886;5226;6112;-4340;4630236;0.0;5916
4972;6170;11142;-1198;30677240;0.0;2934
5809;-8584;-2775;14393;-49864456;-1.0;-14135
-6802;9808;3006;-16610;-66714016;-1.0;-15554
3140;4051;7191;-911;12720140;0.0;919
-581;168;-413;-749;-97608;-4.0;-749
-9509;-8795;-18304;-714;83631655;1.0;1918
7244;-5636;1608;12880;-40827184;-2.0;-2640
2257;-309;1948;2566;-697413;-8.0;-2534
-4270;-6699;-10969;2429;28604730;0.0;2695
6036;-9771;-3735;15807;-58977756;-1.0;-12735
3795;4901;8696;-1106;18599295;0.0;7670
-8520;-9889;-18409;1369;84254280;0.0;2023
6016;-4247;1769;10263;-25549952;-2.0;-1815
-433;-3547;-3980;3114;1535851;0.0;3178
-4999;290;-4709;-5289;-1449710;-18.0;-4773
2740;-8735;-5995;11475;-23933900;-1.0;-10411
2919;-5040;-2121;7959;-14711760;-1.0;-6345
-1566;8379;6813;-9945;-13121514;-1.0;-9895
2054;1264;3318;790;2596256;1.0;3318
2974;553;3527;2421;1644622;5.0;2487
-6356;8185;1829;-14541;-52023860;-1.0;-1835
9811;-3734;6077;13545;-36634274;-3.0;-10439
9775;751;10526;9024;7341025;13.0;9408
8855;-3739;5116;12594;-33108845;-3.0;-11278
6397;9167;15564;-2770;58641299;0.0;15154
-9575;-4851;-14426;-4724;46448325;1.0;14228
-6939;-6108;-13047;-831;42383412;1.0;3265
-9588;-6202;-15790;-3386;59464776;1.0;15690
-846;4840;3994;-5686;-4094640;-1.0;-4518
-7561;-5360;-12921;-2201;40526960;1.0;2407
8836;-8122;714;16958;-71765992;-2.0;-15678
-9950;-2180;-12130;-7770;21691000;4.0;11870
346;9990;10336;-9644;3456540;0.0;9820
8126;471;8597;7655;3827346;17.0;7785
7752;-7021;731;14773;-54426792;-2.0;-1317
9683;3313;12996;6370;32079779;2.0;10530
-4726;2964;-1762;-7690;-14007864;-2.0;-6626
-1708;-1964;-3672;256;3354512;0.0;256
-6302;9729;3427;-16031;-61312158;-1.0;-16029
9688;4771;14459;4917;46221448;2.0;14203
618;3562;4180;-2944;2201316;0.0;3968
7730;3811;11541;3919;29459030;2.0;4305
3018;-9160;-6142;12178;-27644880;-1.0;-10254
480;330;810;150;158400;1.0;170
3083;-660;2423;3743;-2034780;-5.0;-3737
4468;7082;11550;-2614;31642376;0.0;2782
-6282;2977;-3305;-9259;-18701514;-3.0;-4905
9450;-7908;1542;17358;-74730600;-2.0;-14858
4053;-808;3245;4861;-3274824;-6.0;-3315
6939;7564;14503;-625;52486596;0.0;1687
-8865;-5333;-14198;-3532;47277045;1.0;13940
-8589;2904;-5685;-11493;-24942456;-3.0;-10965
-7595;-1554;-9149;-6041;11802630;4.0;7099
-9716;3017;-6699;-12733;-29313172;-4.0;-11835
6362;-1395;4967;7757;-8874990;-5.0;-7593
-5382;-4167;-9549;-1215;22426794;1.0;1347
-2530;-4113;-6643;1583;10405890;0.0;6641
2165;-2650;-485;4815;-5737250;-1.0;-557
-5831;6576;745;-12407;-38344656;-1.0;-3959
203;8522;8725;-8319;1729966;0.0;8577
7307;-7451;-144;14758;-54444457;-1.0;-402
-8270;3366;-4904;-11636;-27836820;-3.0;-11628
-5389;-4016;-9405;-1373;21642224;1.0;6819
-770;3215;2445;-3985;-2475550;-1.0;-3983
9843;3779;13622;6064;37196697;2.0;10416
8258;8371;16629;-113;69127718;0.0;241
6158;-576;5582;6734;-3547008;-11.0;-6706
5363;9181;14544;-3818;49237703;0.0;14126
9950;-9885;65;19835;-98355750;-2.0;-67
-1544;4493;2949;-6037;-6937192;-1.0;-6027
9692;-9053;639;18745;-87741676;-2.0;-1665
330;-961;-631;1291;-317130;-1.0;-651
6715;2697;9412;4018;18110355;2.0;4274
-6845;1561;-5284;-8406;-10685045;-5.0;-7334
9922;5664;15586;4258;56198208;1.0;12514
2134;3856;5990;-1722;8228704;0.0;1862
2104;7584;9688;-5480;15956736;0.0;5528
-8113;-2056;-10169;-6057;16680328;3.0;6071
-8938;6078;-2860;-15016;-54325164;-2.0;-13656
5154;-3279;1875;8433;-16899966;-2.0;-6381
1156;8173;9329;-7017;9447988;0.0;7017
-1202;-6622;-7824;5420;7959644;0.0;7532
-1726;2981;1255;-4707;-5145206;-1.0;-3353
-108;-793;-901;685;85644;0.0;883
621;-7115;-6494;7736;-4418415;-1.0;-6568
7937;4403;12340;3534;34946611;1.0;3634
6001;-7603;-1602;13604;-45625603;-1.0;-2756
-4017;-3110;-7127;-907;12492870;1.0;917
-884;-9675;-10559;8791;8552700;0.0;9913
-7884;-8526;-16410;642;67218984;0.0;16262
9718;4873;14591;4845;47355814;1.0;14079
9107;8911;18018;196;81152477;1.0;348
7201;2767;9968;4434;19925167;2.0;5870
5642;9481;15123;-3839;53491802;0.0;13059
-7446;8264;818;-15710;-61533744;-1.0;-15710
-4873;-7019;-11892;2146;34203587;0.0;2146
2775;5391;8166;-2616;14960025;0.0;8152
643;5543;6186;-4900;3564149;0.0;5924
3988;-6572;-2584;10560;-26209136;-1.0;-5696
106;-2830;-2724;2936;-299980;-1.0;-2920
2427;-7602;-5175;10029;-18450054;-1.0;-5323
-5487;6843;1356;-12330;-37547541;-1.0;-4054
-9296;-4721;-14017;-4575;43886416;1.0;13887
9562;1219;10781;8343;11656078;7.0;8601
-8394;7035;-1359;-15429;-59051790;-2.0;-15283
-9142;3949;-5193;-13091;-36101758;-3.0;-11481
8973;4326;13299;4647;38817198;2.0;13291
8853;6779;15632;2074;60014487;1.0;14574
3094;-2981;113;6075;-9223214;-2.0;-1971
1254;1213;2467;41;1521102;1.0;91
9332;-7750;1582;17082;-72323000;-2.0;-14898
-9786;5938;-3848;-15724;-58109268;-2.0;-12556
5270;-9508;-4238;14778;-50107160;-1.0;-12726
-2223;-5423;-7646;3200;12055329;0.0;7552
-427;-6995;-7422;6568;2986865;0.0;6904
-3658;417;-3241;-4075;-1525386;-9.0;-4073
-7879;-8001;-15880;122;63039879;0.0;390
7344;-261;7083;7605;-1916784;-29.0;-7605
3550;-5747;-2197;9297;-20401850;-1.0;-7085
-475;4016;3541;-4491;-1907600;-1.0;-3691
6391;-1773;4618;8164;-11331243;-4.0;-7708
-9463;3282;-6181;-12745;-31057566;-3.0;-10277
-1068;3337;2269;-4405;-3563916;-1.0;-2339
6896;551;7447;6345;3799696;12.0;6359
5139;8841;13980;-3702;45433899;0.0;13978
7270;1179;8449;6091;8571330;6.0;6397
3292;7944;11236;-4652;26151648;0.0;5076
-4136;-5953;-10089;1817;24621608;0.0;1895
-1427;2705;1278;-4132;-3860035;-1.0;-3844
8464;9871;18335;-1407;83548144;0.0;1951
3459;3648;7107;-189;12618432;0.0;963
-7151;5234;-1917;-12385;-37428334;-2.0;-3997
2489;-9639;-7150;12128;-23991471;-1.0;-11296
1205;-2015;-810;3220;-2428075;-1.0;-876
-4766;-6494;-11260;1728;30950404;0.0;3008
8830;-7397;1433;16227;-65315510;-2.0;-16027
-9217;-6186;-15403;-3031;57016362;1.0;15401
-4932;4058;-874;-8990;-20014056;-2.0;-7322
715;-6851;-6136;7566;-4898465;-1.0;-6154
8017;1565;9582;6452;12546605;5.0;6476
-1373;-1433;-2806;60;1967509;0.0;196
-9036;-6345;-15381;-2691;57333420;1.0;15235
-9574;-6862;-16436;-2712;65696788;1.0;16296
-4783;3736;-1047;-8519;-17869288;-2.0;-7223
-473;1991;1518;-2464;-941743;-1.0;-1568
6978;-3166;3812;10144;-22092348;-3.0;-5920
-577;2472;1895;-3049;-1426344;-1.0;-3049
-300;-4858;-5158;4558;1457400;0.0;5074
8841;-4051;4790;12892;-35814891;-3.0;-11612
1958;7071;9029;-5113;13845018;0.0;7225
-2384;6791;4407;-9175;-16189744;-1.0;-5065
3826;-1938;1888;5764;-7414788;-2.0;-2404
5948;2645;8593;3303;15732460;2.0;7529
-8353;8418;65;-16771;-70315554;-1.0;-67
-8993;-8919;-17912;-74;80208567;1.0;502
1772;-1047;725;2819;-1855284;-2.0;-763
-3813;-2505;-6318;-1308;9551565;1.0;1836
-5462;4913;-549;-10375;-26834806;-2.0;-1637
-7884;-7437;-15321;-447;58633308;1.0;967
6507;-6620;-113;13127;-43076340;-1.0;-177
-6006;-6810;-12816;804;40900860;0.0;3564
-9275;6983;-2292;-16258;-64767325;-2.0;-16254
-8261;-9126;-17387;865;75389886;0.0;993
1480;-3775;-2295;5255;-5587000;-1.0;-2935
1719;-3445;-1726;5164;-5921955;-1.0;-3012
-470;503;33;-973;-236410;-1.0;-35
5274;-5661;-387;10935;-29856114;-1.0;-647
-8268;6115;-2153;-14383;-50558820;-2.0;-14249
-6273;8447;2174;-14720;-52988031;-1.0;-14464
9080;7171;16251;1909;65112680;1.0;16251
-6423;8127;1704;-14550;-52199721;-1.0;-1706
6796;-2553;4243;9349;-17350188;-3.0;-4981
5421;-9084;-3663;14505;-49244364;-1.0;-13911
4024;-4596;-572;8620;-18494304;-1.0;-7756
-6208;518;-5690;-6726;-3215744;-12.0;-6714
-9767;-5295;-15062;-4472;51716265;1.0;12936
-1853;2084;231;-3937;-3861652;-1.0;-3865
5858;-2407;3451;8265;-14100206;-3.0;-8069
-5480;9660;4180;-15140;-52936800;-1.0;-12508
5670;3357;9027;2313;19034190;1.0;6971
2305;1550;3855;755;3572750;1.0;3855
-1458;-3276;-4734;1818;4776408;0.0;2426
-7553;7536;-17;-15089;-56919408;-2.0;-241
3434;9774;13208;-6340;33563916;0.0;11076
-6388;-6023;-12411;-365;38474924;1.0;3957
-2709;3368;659;-6077;-9123912;-1.0;-1981
-5031;4637;-394;-9668;-23328747;-2.0;-444
-5593;-9100;-14693;3507;50896300;0.0;13907
-3047;-8059;-11106;5012;24555773;0.0;5276
4445;-6218;-1773;10663;-27639010;-1.0;-2325
-9018;8167;-851;-17185;-73650006;-2.0;-15583
5996;-2464;3532;8460;-14774144;-3.0;-7924
2869;-4560;-1691;7429;-13082640;-1.0;-6907
53;-2815;-2762;2868;-149195;-1.0;-2764
-7000;6169;-831;-13169;-43183000;-2.0;-847
1555;5082;6637;-3527;7902510;0.0;5577
8238;6260;14498;1978;51569880;1.0;14426
7077;-1181;5896;8258;-8357937;-6.0;-7994
-8853;2666;-6187;-11519;-23602098;-4.0;-10495
8870;3550;12420;5320;31488500;2.0;12152
-7780;3923;-3857;-11703;-30520940;-2.0;-4401
-2930;-2675;-5605;-255;7837750;1.0;259
-4057;1276;-2781;-5333;-5176732;-4.0;-2853
5459;-7095;-1636;12554;-38731605;-1.0;-3814
8304;537;8841;7767;4459248;15.0;8809
-9896;-3977;-13873;-5919;39356392;2.0;10543
8822;3953;12775;4869;34873366;2.0;11527
8545;-5471;3074;14016;-46749695;-2.0;-13376
-9989;4590;-5399;-14579;-45849510;-3.0;-14059
1497;-4941;-3444;6438;-7396677;-1.0;-5782
5637;3943;9580;1694;22226691;1.0;6498
-9466;4605;-4861;-14071;-43590930;-3.0;-13573
-7830;64;-7766;-7894;-501120;-123.0;-7894
-1574;-9620;-11194;8046;15141880;0.0;9142
-5274;5166;-108;-10440;-27245484;-2.0;-184
-3757;3831;74;-7588;-14393067;-1.0;-92
8052;9872;17924;-1820;79489344;0.0;14820
1288;-9315;-8027;10603;-11997720;-1.0;-8555
444;2322;2766;-1878;1030968;0.0;2222
7532;1625;9157;5907;12239500;4.0;6965
1311;1226;2537;85;1607286;1.0;469
4561;-5980;-1419;10541;-27274780;-1.0;-1675
2382;6403;8785;-4021;15251946;0.0;4173
-6322;5972;-350;-12294;-37754984;-2.0;-4070
4288;618;4906;3670;2649984;6.0;4778
-8770;-172;-8942;-8598;1508440;50.0;8938
-3758;-5159;-8917;1401;19387522;0.0;6795
-8844;5772;-3072;-14616;-51047568;-2.0;-13320
-9387;-861;-10248;-8526;8082207;10.0;10230
-5171;-6630;-11801;1459;34283730;0.0;3543
5288;-5881;-593;11169;-31098728;-1.0;-593
-6875;3811;-3064;-10686;-26200625;-2.0;-5178
9144;-2050;7094;11194;-18745200;-5.0;-11194
-403;-9336;-9739;8933;3762408;0.0;9701
2793;-7613;-4820;10406;-21263109;-1.0;-5974
-6243;67;-6176;-6310;-418281;-94.0;-6178
9123;8735;17858;388;79689405;1.0;444
-5494;-9089;-14583;3595;49934966;0.0;14069
7005;5253;12258;1752;36797265;1.0;4056
-4854;-9018;-13872;4164;43773372;0.0;12748
3171;-8927;-5756;12098;-28307517;-1.0;-11966
5160;1938;7098;3222;10000080;2.0;5050
1733;-6479;-4746;8212;-11228107;-1.0;-8076
-3537;-4887;-8424;1350;17285319;0.0;7878
-9492;5594;-3898;-15086;-53098248;-2.0;-12490
736;-4713;-3977;5449;-3468768;-1.0;-4233
-3777;-3208;-6985;-569;12116616;1.0;583
-7949;-8621;-16570;672;68528329;0.0;16032
-2018;-5595;-7613;3577;11290710;0.0;4667
-5790;-2233;-8023;-3557;12929070;2.0;7717
-382;-6237;-6619;5855;2382534;0.0;6433
4277;3718;7995;559;15901886;1.0;7731
-7603;6833;-770;-14436;-51951299;-2.0;-1796
3555;1805;5360;1750;6416775;1.0;2798
-1233;1852;619;-3085;-2283516;-1.0;-1005
-5710;692;-5018;-6402;-3951320;-9.0;-5370
2131;-4986;-2855;7117;-10625166;-1.0;-6955
5181;-5621;-440;10802;-29122401;-1.0;-458
-3484;-3057;-6541;-427;10650588;1.0;1643
-1668;4571;2903;-6239;-7624428;-1.0;-5977
-9829;7184;-2645;-17013;-70611536;-2.0;-14965
-6404;5969;-435;-12373;-38225476;-2.0;-3667
6670;9069;15739;-2399;60490230;0.0;14691
-6731;-2582;-9313;-4149;17379442;2.0;4191
7165;6880;14045;285;49295200;1.0;285
6132;8987;15119;-2855;55108284;0.0;13551
-9315;-4424;-13739;-4891;41209560;2.0;13605
-9507;1952;-7555;-11459;-18557664;-5.0;-8835
-9798;325;-9473;-10123;-3184350;-31.0;-9985
-8835;-8399;-17234;-436;74205165;1.0;588
2064;-3315;-1251;5379;-6842160;-1.0;-1251
9223;-5068;4155;14291;-46742164;-2.0;-14285
7055;1945;9000;5110;13721975;3.0;7190
2670;872;3542;1798;2328240;3.0;2310
5517;-4684;833;10201;-25841628;-2.0;-1991
341;-6550;-6209;6891;-2233550;-1.0;-6337
2657;2640;5297;17;7014480;1.0;49
4230;4666;8896;-436;19737180;0.0;700
2217;490;2707;1727;1086330;4.0;2371
-6986;2798;-4188;-9784;-19546828;-3.0;-4520
-4323;-2556;-6879;-1767;11049588;1.0;6425
-3392;-7762;-11154;4370;26328704;0.0;4974
6819;3435;10254;3384;23423265;1.0;6088
1708;6760;8468;-5052;11546080;0.0;7364
-6648;-6266;-12914;-382;41656368;1.0;398
8299;-5962;2337;14261;-49478638;-2.0;-14115
-2602;-1273;-3875;-1329;3312346;2.0;3793
4340;-9182;-4842;13522;-39849880;-1.0;-13098
-2798;2188;-610;-4986;-6122024;-2.0;-610
9391;9302;18693;89;87355082;1.0;249
-7635;-9031;-16666;1396;68951685;0.0;16020
-3233;-4480;-7713;1247;14483840;0.0;7647
-1396;5153;3757;-6549;-7193588;-1.0;-4435
-6271;-8134;-14405;1863;51008314;0.0;1979
-1609;7248;5639;-8857;-11662032;-1.0;-6681
-5534;-7509;-13043;1975;41554806;0.0;2249
-5724;6712;988;-12436;-38419488;-1.0;-3172
5715;-9262;-3547;14977;-52932330;-1.0;-12927
-1720;6704;4984;-8424;-11530880;-1.0;-7304
-9553;5670;-3883;-15223;-54165510;-2.0;-13175
-1759;577;-1182;-2336;-1014943;-4.0;-1184
-2658;-945;-3603;-1713;2511810;2.0;2513
7464;2560;10024;4904;19107840;2.0;5928
-5400;-1167;-6567;-4233;6301800;4.0;4505
-4322;-1145;-5467;-3177;4948690;3.0;5273
-8490;951;-7539;-9441;-8073990;-9.0;-8863
-6670;8701;2031;-15371;-58035670;-1.0;-15345
3793;8162;11955;-4369;30958466;0.0;4403
-885;-5609;-6494;4724;4963965;0.0;5788
-2449;783;-1666;-3232;-1917567;-4.0;-2720
3734;2824;6558;910;10544816;1.0;1438
-7033;1606;-5427;-8639;-11294998;-5.0;-7487
-9496;4667;-4829;-14163;-44317832;-3.0;-14125
6225;-4380;1845;10605;-27265500;-2.0;-2379
-7199;1577;-5622;-8776;-11352823;-5.0;-6712
8383;-3830;4553;12213;-32106890;-3.0;-11851
-1990;-224;-2214;-1766;445760;8.0;1818
4394;191;4585;4203;839254;23.0;4501
-3984;4560;576;-8544;-18167040;-1.0;-7776
2655;-2551;104;5206;-6772905;-2.0;-938
-1404;4531;3127;-5935;-6361524;-1.0;-5321
5938;6497;12435;-559;38579186;0.0;3667
1181;-7653;-6472;8834;-9038193;-1.0;-6522
-3586;3632;46;-7218;-13024352;-1.0;-50
-1821;-2998;-4819;1177;5459358;0.0;3241
-795;818;23;-1613;-650310;-1.0;-41
2931;-2574;357;5505;-7544394;-2.0;-383
8882;-4179;4703;13061;-37117878;-3.0;-13025
-5094;8189;3095;-13283;-41714766;-1.0;-3097
-4804;4221;-583;-9025;-20277684;-2.0;-703
-3110;6633;3523;-9743;-20628630;-1.0;-5581
5972;-5939;33;11911;-35467708;-2.0;-103
-2384;4239;1855;-6623;-10105776;-1.0;-6593
-5389;-6655;-12044;1266;35863795;0.0;3314
4828;1129;5957;3699;5450812;4.0;5813
5438;2829;8267;2609;15384102;1.0;7731
7270;-8804;-1534;16074;-64005080;-1.0;-15878
-3952;215;-3737;-4167;-849680;-19.0;-4025
8404;6183;14587;2221;51961932;1.0;14579
3289;-502;2787;3791;-1651078;-7.0;-3373
-2295;-9360;-11655;7065;21481200;0.0;11385
6410;-9299;-2889;15709;-59606590;-1.0;-15705
-2754;5391;2637;-8145;-14846814;-1.0;-8143
-399;3289;2890;-3688;-1312311;-1.0;-3416
5016;-1102;3914;6118;-5527632;-5.0;-6102
7515;1447;8962;6068;10874205;5.0;6396
-9067;2969;-6098;-12036;-26919923;-4.0;-10484
9953;1429;11382;8524;14222837;6.0;9076
6588;-9599;-3011;16187;-63238212;-1.0;-15555
-7861;8758;897;-16619;-68846638;-1.0;-15491
3029;-46;2983;3075;-139334;-66.0;-3065
4054;-894;3160;4948;-3624276;-5.0;-3244
-3211;9497;6286;-12708;-30494867;-1.0;-10644
9299;-2956;6343;12255;-27487844;-4.0;-12249
-5518;-8547;-14065;3029;47162346;0.0;13551
7318;907;8225;6411;6637426;8.0;7965
-9755;-6255;-16010;-3500;61017525;1.0;15988
6021;-5009;1012;11030;-30159189;-2.0;-1046
9322;1143;10465;8179;10655046;8.0;8221
2844;8568;11412;-5724;24367392;0.0;10852
7515;3387;10902;4128;25453305;2.0;4192
-3021;-265;-3286;-2756;800565;11.0;2756
245;7878;8123;-7633;1930110;0.0;7731
1120;-2799;-1679;3919;-3134880;-1.0;-3727
-6053;-901;-6954;-5152;5453753;6.0;5152
8308;1635;9943;6673;13583580;5.0;9751
-6586;4068;-2518;-10654;-26791848;-2.0;-5726
-7301;9684;2383;-16985;-70702884;-1.0;-14673
4323;-2841;1482;7164;-12281643;-2.0;-7164
6292;9320;15612;-3028;58641440;0.0;15612
-8950;-5457;-14407;-3493;48840150;1.0;14245
1032;-6763;-5731;7795;-6979416;-1.0;-7779
3778;-4745;-967;8523;-17926610;-1.0;-7243
3182;9787;12969;-6605;31142234;0.0;10837
1239;-8584;-7345;9823;-10635576;-1.0;-9553
-239;-9954;-10193;9715;2379006;0.0;9743
8042;-7455;587;15497;-59953110;-2.0;-629
-2300;1849;-451;-4149;-4252700;-2.0;-4035
-6375;2970;-3405;-9345;-18933750;-3.0;-4989
42;-7036;-6994;7078;-295512;-1.0;-6994
-9363;7951;-1412;-17314;-74445213;-2.0;-15262
-7227;-4830;-12057;-2397;34906410;1.0;3815
-3529;-1549;-5078;-1980;5466421;2.0;3012
4555;-3380;1175;7935;-15395900;-2.0;-7417
8235;4531;12766;3704;37312785;1.0;12696
-8161;1838;-6323;-9999;-14999918;-5.0;-6351
-6182;-4909;-11091;-1273;30347438;1.0;2825
7168;5280;12448;1888;37847040;1.0;2208
-2286;4320;2034;-6606;-9875520;-1.0;-6158
4004;6517;10521;-2513;26094068;0.0;5841
-164;-6246;-6410;6082;1024344;0.0;6342
2931;-7656;-4725;10587;-22439736;-1.0;-5781
6613;2989;9602;3624;19766257;2.0;4728
-4118;-6282;-10400;2164;25869276;0.0;2204
-1288;8707;7419;-9995;-11214616;-1.0;-9989
-6390;-2303;-8693;-4087;14716170;2.0;4107
2895;-7124;-4229;10019;-20623980;-1.0;-4253
-1894;-7205;-9099;5311;13646270;0.0;6977
283;-1701;-1418;1984;-481383;-1.0;-1984
-585;-302;-887;-283;176670;1.0;869
2572;6129;8701;-3557;15763788;0.0;7677
-9280;-8245;-17525;-1035;76513600;1.0;1035
-7317;2551;-4766;-9868;-18665667;-3.0;-5476
-702;-9095;-9797;8393;6384690;0.0;8507
-9367;-8772;-18139;-595;82167324;1.0;1749
1516;9909;11425;-8393;15022044;0.0;9049
8082;78;8160;8004;630396;103.0;8156
-5807;6704;897;-12511;-38930128;-1.0;-3231
-8637;-6900;-15537;-1737;59595300;1.0;15183
-9492;6170;-3322;-15662;-58565640;-2.0;-15626
-6520;-7668;-14188;1148;49995360;0.0;1156
-5721;3919;-1802;-9640;-22420599;-2.0;-6424
-128;-9781;-9909;9653;1251968;0.0;9803
-5540;-4208;-9748;-1332;23312320;1.0;1484
-5384;3786;-1598;-9170;-20383824;-2.0;-7118
-9249;-5420;-14669;-3829;50129580;1.0;12555
-1454;1769;315;-3223;-2572126;-1.0;-837
-1644;-4977;-6621;3333;8182188;0.0;5403
-3012;8660;5648;-11672;-26083920;-1.0;-10776
-5103;-9621;-14724;4518;49095963;0.0;13946
-5142;6160;1018;-11302;-31674720;-1.0;-3078
-430;9456;9026;-9886;-4066080;-1.0;-9566
-648;-3848;-4496;3200;2493504;0.0;3456
-8393;-7327;-15720;-1066;61495511;1.0;15446
1490;-4932;-3442;6422;-7348680;-1.0;-5778
-3232;8757;5525;-11989;-28302624;-1.0;-11947
-585;-3743;-4328;3158;2189655;0.0;3286
-9653;-5238;-14891;-4415;50562414;1.0;12737
-876;-9312;-10188;8436;8157312;0.0;10036
-1026;7446;6420;-8472;-7639596;-1.0;-6424
-3330;-1158;-4488;-2172;3856140;2.0;2436
2183;6071;8254;-3888;13252993;0.0;7984
-4933;235;-4698;-5168;-1159255;-21.0;-5040
-5718;1288;-4430;-7006;-7364784;-5.0;-4958
9319;-203;9116;9522;-1891757;-46.0;-9390
5320;-1167;4153;6487;-6208440;-5.0;-4167
-1928;347;-1581;-2275;-669016;-6.0;-1757
-9584;7680;-1904;-17264;-73605120;-2.0;-15216
3172;-4887;-1715;8059;-15501564;-1.0;-8051
-1047;484;-563;-1531;-506748;-3.0;-1523
2318;8217;10535;-5899;19047006;0.0;10519
6547;-9047;-2500;15594;-59230709;-1.0;-15046
-1401;5643;4242;-7044;-7905843;-1.0;-4980
-6399;4138;-2261;-10537;-26479062;-2.0;-2261
8814;7263;16077;1551;64016082;1.0;15921
3395;-7025;-3630;10420;-23849875;-1.0;-5684
-7074;1317;-5757;-8391;-9316458;-6.0;-7813
6324;1681;8005;4643;10630644;3.0;7717
6625;-405;6220;7030;-2683125;-17.0;-6262
4621;9435;14056;-4814;43599135;0.0;14038
3174;9740;12914;-6566;30914760;0.0;10858
4449;-8552;-4103;13001;-38047848;-1.0;-12295
-6562;5714;-848;-12276;-37495268;-2.0;-4084
7341;4479;11820;2862;32880339;1.0;3538
-5757;3947;-1810;-9704;-22722879;-2.0;-6424
1580;-4418;-2838;5998;-6980440;-1.0;-5998
-7456;-4596;-12052;-2860;34267776;1.0;3308
3388;-8729;-5341;12117;-29573852;-1.0;-12069
-6899;-4465;-11364;-2434;30804035;1.0;2946
-9799;-3330;-13129;-6469;32630670;2.0;11079
4935;9033;13968;-4098;44577855;0.0;12302
-4124;9233;5109;-13357;-38076892;-1.0;-13323
-147;2554;2407;-2701;-375438;-1.0;-2409
-9935;6494;-3441;-16429;-64517890;-2.0;-16273
-7133;6558;-575;-13691;-46778214;-2.0;-579
-3846;2035;-1811;-5881;-7826610;-2.0;-2295
3129;7199;10328;-4070;22525671;0.0;4134
9987;-1043;8944;11030;-10416441;-10.0;-8978
5843;3455;9298;2388;20187565;1.0;7084
8237;2136;10373;6101;17594232;3.0;10357
-2483;6958;4475;-9441;-17276714;-1.0;-4765
-992;-5107;-6099;4115;5066144;0.0;4141
5082;7649;12731;-2567;38872218;0.0;3643
